srcNode	destNode	hopSource	hopDest	msgLabel	timestamp	hopCount	startTime	endTime	travelTime
1	-1	1	-1	0	0	1	0	0	0
2	-1	2	-1	1	0	1	0	0	0
3	-1	3	-1	2	0	1	0	0	0
4	-1	4	-1	3	0	1	0	0	0
5	-1	5	-1	4	0	1	0	0	0
6	-1	6	-1	5	0	1	0	0	0
7	-1	7	-1	6	0	1	0	0	0
8	-1	8	-1	7	0	1	0	0	0
9	-1	9	-1	8	0	1	0	0	0
10	-1	10	-1	9	0	1	0	0	0
11	-1	11	-1	10	0	1	0	0	0
12	-1	12	-1	11	0	1	0	0	0
13	-1	13	-1	12	0	1	0	0	0
14	-1	14	-1	13	0	1	0	0	0
15	-1	15	-1	14	0	1	0	0	0
16	-1	16	-1	15	0	1	0	0	0
17	-1	17	-1	16	0	1	0	0	0
18	-1	18	-1	17	0	1	0	0	0
19	-1	19	-1	18	0	1	0	0	0
20	-1	20	-1	19	0	1	0	0	0
21	-1	21	-1	20	0	1	0	0	0
22	-1	22	-1	21	0	1	0	0	0
23	-1	23	-1	22	0	1	0	0	0
24	-1	24	-1	23	0	1	0	0	0
25	-1	25	-1	24	0	1	0	0	0
26	-1	26	-1	25	0	1	0	0	0
27	-1	27	-1	26	0	1	0	0	0
28	-1	28	-1	27	0	1	0	0	0
29	-1	29	-1	28	0	1	0	0	0
30	-1	30	-1	29	0	1	0	0	0
31	-1	31	-1	30	0	1	0	0	0
32	-1	32	-1	31	0	1	0	0	0
33	-1	33	-1	32	0	1	0	0	0
34	-1	34	-1	33	0	1	0	0	0
35	-1	35	-1	34	0	1	0	0	0
36	-1	36	-1	35	0	1	0	0	0
37	-1	37	-1	36	0	1	0	0	0
38	-1	38	-1	37	0	1	0	0	0
39	-1	39	-1	38	0	1	0	0	0
40	-1	40	-1	39	0	1	0	0	0
41	-1	41	-1	40	0	1	0	0	0
42	-1	42	-1	41	0	1	0	0	0
43	-1	43	-1	42	0	1	0	0	0
44	-1	44	-1	43	0	1	0	0	0
45	-1	45	-1	44	0	1	0	0	0
46	-1	46	-1	45	0	1	0	0	0
47	-1	47	-1	46	0	1	0	0	0
48	-1	48	-1	47	0	1	0	0	0
49	-1	49	-1	48	0	1	0	0	0
50	-1	50	-1	49	0	1	0	0	0
51	-1	51	-1	50	0	1	0	0	0
52	-1	52	-1	51	0	1	0	0	0
53	-1	53	-1	52	0	1	0	0	0
54	-1	54	-1	53	0	1	0	0	0
55	-1	55	-1	54	0	1	0	0	0
56	-1	56	-1	55	0	1	0	0	0
57	-1	57	-1	56	0	1	0	0	0
58	-1	58	-1	57	0	1	0	0	0
59	-1	59	-1	58	0	1	0	0	0
60	-1	60	-1	59	0	1	0	0	0
61	-1	61	-1	60	0	1	0	0	0
62	-1	62	-1	61	0	1	0	0	0
63	-1	63	-1	62	0	1	0	0	0
64	-1	64	-1	63	0	1	0	0	0
64	4	64	48	64	137	1	137	0	0
64	4	48	32	64	138	2	137	0	0
63	2	63	47	65	138	1	138	0	0
64	4	32	23	64	139	3	137	0	0
63	2	47	38	65	139	2	138	0	0
62	1	62	46	66	139	1	139	0	0
64	4	23	14	64	140	4	137	0	0
63	2	38	29	65	140	3	138	0	0
62	1	46	37	66	140	2	139	0	0
61	3	61	45	67	140	1	140	0	0
64	4	14	5	64	141	5	137	0	0
63	2	29	20	65	141	4	138	0	0
62	1	37	28	66	141	3	139	0	0
61	3	45	29	67	141	2	140	0	0
60	2	60	44	68	141	1	141	0	0
64	4	5	4	64	142	6	137	0	0
63	2	20	11	65	142	5	138	0	0
62	1	28	19	66	142	4	139	0	0
61	3	29	13	67	142	3	140	0	0
60	2	44	28	68	142	2	141	0	0
59	3	59	43	69	142	1	142	0	0
64	4	5	-1	64	143	6	137	143	6
63	2	11	2	65	143	6	138	0	0
61	3	13	4	67	143	4	140	0	0
62	1	19	10	66	143	5	139	0	0
60	2	28	12	68	143	3	141	0	0
59	3	43	27	69	143	2	142	0	0
58	1	58	42	70	143	1	143	0	0
63	2	11	-1	65	144	6	138	144	6
61	3	4	3	67	144	5	140	0	0
62	1	10	1	66	144	6	139	0	0
60	2	12	3	68	144	4	141	0	0
59	3	27	11	69	144	3	142	0	0
58	1	42	26	70	144	2	143	0	0
57	1	57	41	71	144	1	144	0	0
62	1	10	-1	66	145	6	139	145	6
61	3	4	-1	67	145	5	140	145	5
59	3	11	3	69	145	4	142	0	0
58	1	26	10	70	145	3	143	0	0
57	1	41	25	71	145	2	144	0	0
56	1	56	47	72	145	1	145	0	0
60	2	3	2	68	146	5	141	0	0
58	1	10	1	70	146	4	143	0	0
57	1	25	9	71	146	3	144	0	0
56	1	47	38	72	146	2	145	0	0
55	4	55	39	73	146	1	146	0	0
58	1	10	-1	70	147	4	143	147	4
60	2	3	-1	68	147	5	141	147	6
59	3	11	-1	69	147	4	142	147	5
57	1	9	1	71	147	4	144	0	0
56	1	38	29	72	147	3	145	0	0
55	4	39	23	73	147	2	146	0	0
54	4	54	38	74	147	1	147	0	0
57	1	9	-1	71	148	4	144	148	4
55	4	23	14	73	148	3	146	0	0
56	1	29	20	72	148	4	145	0	0
54	4	38	22	74	148	2	147	0	0
53	2	53	37	75	148	1	148	0	0
55	4	14	5	73	149	4	146	0	0
56	1	20	11	72	149	5	145	0	0
54	4	22	13	74	149	3	147	0	0
53	2	37	21	75	149	2	148	0	0
52	2	52	36	76	149	1	149	0	0
55	4	5	4	73	150	5	146	0	0
56	1	11	2	72	150	6	145	0	0
54	4	13	4	74	150	4	147	0	0
53	2	21	12	75	150	3	148	0	0
52	2	36	20	76	150	2	149	0	0
51	1	51	35	77	150	1	150	0	0
56	1	2	1	72	151	7	145	0	0
55	4	5	-1	73	151	5	146	151	5
53	2	12	3	75	151	4	148	0	0
52	2	20	11	76	151	3	149	0	0
51	1	35	19	77	151	2	150	0	0
50	1	50	34	78	151	1	151	0	0
56	1	2	-1	72	152	7	145	152	7
53	2	3	2	75	152	5	148	0	0
54	4	13	-1	74	152	4	147	152	5
52	2	11	2	76	152	4	149	0	0
51	1	19	10	77	152	3	150	0	0
50	1	34	18	78	152	2	151	0	0
49	1	49	33	79	152	1	152	0	0
53	2	3	-1	75	153	5	148	153	5
51	1	10	1	77	153	4	150	0	0
50	1	18	2	78	153	3	151	0	0
49	1	33	17	79	153	2	152	0	0
48	3	48	39	80	153	1	153	0	0
51	1	10	-1	77	154	4	150	154	4
52	2	11	-1	76	154	4	149	154	5
49	1	17	1	79	154	3	152	0	0
48	3	39	30	80	154	2	153	0	0
47	4	47	31	81	154	1	154	0	0
49	1	17	-1	79	155	3	152	155	3
50	1	2	1	78	155	4	151	0	0
48	3	30	21	80	155	3	153	0	0
47	4	31	22	81	155	2	154	0	0
46	2	46	30	82	155	1	155	0	0
50	1	2	-1	78	156	4	151	156	5
48	3	21	12	80	156	4	153	0	0
47	4	22	13	81	156	3	154	0	0
46	2	30	21	82	156	2	155	0	0
45	3	45	29	83	156	1	156	0	0
48	3	12	3	80	157	5	153	0	0
47	4	13	4	81	157	4	154	0	0
46	2	21	12	82	157	3	155	0	0
45	3	29	13	83	157	2	156	0	0
44	1	44	28	84	157	1	157	0	0
48	3	12	-1	80	158	5	153	158	5
47	4	13	-1	81	158	4	154	158	4
46	2	12	3	82	158	4	155	0	0
45	3	13	4	83	158	3	156	0	0
44	1	28	19	84	158	2	157	0	0
43	2	43	27	85	158	1	158	0	0
46	2	3	2	82	159	5	155	0	0
45	3	4	3	83	159	4	156	0	0
44	1	19	10	84	159	3	157	0	0
43	2	27	11	85	159	2	158	0	0
42	3	42	26	86	159	1	159	0	0
46	2	3	-1	82	160	5	155	160	5
45	3	4	-1	83	160	4	156	160	4
44	1	10	1	84	160	4	157	0	0
43	2	11	2	85	160	3	158	0	0
42	3	26	10	86	160	2	159	0	0
41	2	41	25	87	160	1	160	0	0
44	1	10	-1	84	161	4	157	161	4
43	2	11	-1	85	161	3	158	161	3
42	3	10	3	86	161	3	159	0	0
41	2	25	9	87	161	2	160	0	0
40	3	40	31	88	161	1	161	0	0
42	3	10	-1	86	162	3	159	162	3
41	2	9	2	87	162	3	160	0	0
40	3	31	22	88	162	2	161	0	0
39	2	39	30	89	162	1	162	0	0
41	2	9	-1	87	163	3	160	163	3
40	3	22	13	88	163	3	161	0	0
39	2	30	21	89	163	2	162	0	0
38	2	38	29	90	163	1	163	0	0
40	3	13	4	88	164	4	161	0	0
39	2	21	12	89	164	3	162	0	0
38	2	29	20	90	164	2	163	0	0
37	1	37	28	91	164	1	164	0	0
40	3	4	3	88	165	5	161	0	0
39	2	12	3	89	165	4	162	0	0
38	2	20	11	90	165	3	163	0	0
37	1	28	19	91	165	2	164	0	0
36	4	36	20	92	165	1	165	0	0
40	3	4	-1	88	166	5	161	166	5
38	2	11	2	90	166	4	163	0	0
37	1	19	10	91	166	3	164	0	0
36	4	20	4	92	166	2	165	0	0
35	3	35	19	93	166	1	166	0	0
38	2	11	-1	90	167	4	163	167	4
39	2	3	2	89	167	5	162	0	0
36	4	20	-1	92	167	2	165	167	2
37	1	10	1	91	167	4	164	0	0
35	3	19	3	93	167	2	166	0	0
34	1	34	18	94	167	1	167	0	0
37	1	10	-1	91	168	4	164	168	4
39	2	3	-1	89	168	5	162	168	6
35	3	19	-1	93	168	2	166	168	2
34	1	18	2	94	168	2	167	0	0
33	2	33	17	95	168	1	168	0	0
34	1	2	1	94	169	3	167	0	0
33	2	17	1	95	169	2	168	0	0
32	3	32	30	96	169	1	169	0	0
34	1	2	-1	94	170	3	167	170	3
32	3	30	21	96	170	2	169	0	0
31	2	31	29	97	170	1	170	0	0
33	2	1	2	95	171	3	168	0	0
32	3	21	12	96	171	3	169	0	0
31	2	29	20	97	171	2	170	0	0
30	3	30	21	98	171	1	171	0	0
33	2	1	-1	95	172	3	168	172	4
32	3	12	3	96	172	4	169	0	0
31	2	20	11	97	172	3	170	0	0
30	3	21	12	98	172	2	171	0	0
29	3	29	13	99	172	1	172	0	0
32	3	12	-1	96	173	4	169	173	4
31	2	11	2	97	173	4	170	0	0
30	3	12	3	98	173	3	171	0	0
29	3	13	4	99	173	2	172	0	0
28	1	28	19	100	173	1	173	0	0
31	2	11	-1	97	174	4	170	174	4
30	3	12	-1	98	174	3	171	174	3
29	3	4	3	99	174	3	172	0	0
28	1	19	10	100	174	2	173	0	0
27	1	27	11	101	174	1	174	0	0
29	3	4	-1	99	175	3	172	175	3
28	1	10	1	100	175	3	173	0	0
27	1	11	2	101	175	2	174	0	0
26	2	26	10	102	175	1	175	0	0
28	1	10	-1	100	176	3	173	176	3
27	1	2	1	101	176	3	174	0	0
26	2	10	2	102	176	2	175	0	0
25	2	25	9	103	176	1	176	0	0
27	1	2	-1	101	177	3	174	177	3
26	2	10	-1	102	177	2	175	177	2
25	2	9	2	103	177	2	176	0	0
24	2	24	22	104	177	1	177	0	0
25	2	9	-1	103	178	2	176	178	2
24	2	22	20	104	178	2	177	0	0
23	2	23	21	105	178	1	178	0	0
24	2	20	11	104	179	3	177	0	0
23	2	21	12	105	179	2	178	0	0
22	1	22	20	106	179	1	179	0	0
24	2	11	2	104	180	4	177	0	0
23	2	12	3	105	180	3	178	0	0
22	1	20	11	106	180	2	179	0	0
21	3	21	12	107	180	1	180	0	0
24	2	11	-1	104	181	4	177	181	4
23	2	3	2	105	181	4	178	0	0
22	1	11	2	106	181	3	179	0	0
21	3	12	3	107	181	2	180	0	0
20	3	20	4	108	181	1	181	0	0
23	2	3	-1	105	182	4	178	182	4
21	3	12	-1	107	182	2	180	182	2
20	3	4	3	108	182	2	181	0	0
19	3	19	3	109	182	1	182	0	0
22	1	2	1	106	183	4	179	0	0
20	3	4	-1	108	183	2	181	183	2
18	4	18	11	110	183	1	183	0	0
22	1	2	-1	106	184	4	179	184	5
19	3	19	-1	109	184	1	182	184	2
18	4	11	4	110	184	2	183	0	0
17	3	17	10	111	184	1	184	0	0
18	4	11	-1	110	185	2	183	185	2
17	3	10	3	111	185	2	184	0	0
16	3	16	14	112	185	1	185	0	0
17	3	10	-1	111	186	2	184	186	2
16	3	14	12	112	186	2	185	0	0
15	2	15	13	113	186	1	186	0	0
16	3	12	3	112	187	3	185	0	0
15	2	13	11	113	187	2	186	0	0
14	4	14	5	114	187	1	187	0	0
16	3	12	-1	112	188	3	185	188	3
14	4	5	4	114	188	2	187	0	0
15	2	11	2	113	188	3	186	0	0
13	2	13	11	115	188	1	188	0	0
15	2	11	-1	113	189	3	186	189	3
14	4	5	-1	114	189	2	187	189	2
13	2	11	2	115	189	2	188	0	0
12	1	12	10	116	189	1	189	0	0
13	2	11	-1	115	190	2	188	190	2
12	1	10	1	116	190	2	189	0	0
11	3	11	3	117	190	1	190	0	0
12	1	10	-1	116	191	2	189	191	2
11	3	11	-1	117	191	1	190	191	1
10	1	10	1	118	191	1	191	0	0
10	1	10	-1	118	192	1	191	192	1
9	1	9	1	119	192	1	192	0	0
9	1	9	-1	119	193	1	192	193	1
8	2	8	6	120	193	1	193	0	0
8	2	6	4	120	194	2	193	0	0
7	2	7	5	121	194	1	194	0	0
8	2	4	2	120	195	3	193	0	0
7	2	5	3	121	195	2	194	0	0
6	1	6	4	122	195	1	195	0	0
8	2	4	-1	120	196	3	193	196	3
7	2	3	2	121	196	3	194	0	0
6	1	4	2	122	196	2	195	0	0
5	2	5	3	123	196	1	196	0	0
7	2	3	-1	121	197	3	194	197	3
5	2	3	2	123	197	2	196	0	0
6	1	2	1	122	198	3	195	0	0
6	1	2	-1	122	199	3	195	199	4
5	2	3	-1	123	199	2	196	199	3
64	4	64	48	124	337	1	337	0	0
64	4	48	32	124	338	2	337	0	0
63	2	63	47	125	338	1	338	0	0
64	4	32	23	124	339	3	337	0	0
63	2	47	38	125	339	2	338	0	0
62	2	62	46	126	339	1	339	0	0
64	4	23	14	124	340	4	337	0	0
63	2	38	29	125	340	3	338	0	0
62	2	46	30	126	340	2	339	0	0
61	3	61	45	127	340	1	340	0	0
64	4	14	5	124	341	5	337	0	0
63	2	29	20	125	341	4	338	0	0
62	2	30	21	126	341	3	339	0	0
61	3	45	29	127	341	2	340	0	0
60	1	60	44	128	341	1	341	0	0
64	4	5	4	124	342	6	337	0	0
63	2	20	11	125	342	5	338	0	0
62	2	21	12	126	342	4	339	0	0
61	3	29	13	127	342	3	340	0	0
60	1	44	28	128	342	2	341	0	0
59	3	59	43	129	342	1	342	0	0
64	4	5	-1	124	343	6	337	343	6
63	2	11	2	125	343	6	338	0	0
62	2	12	3	126	343	5	339	0	0
61	3	13	4	127	343	4	340	0	0
60	1	28	19	128	343	3	341	0	0
59	3	43	27	129	343	2	342	0	0
58	3	58	42	130	343	1	343	0	0
63	2	11	-1	125	344	6	338	344	6
62	2	3	2	126	344	6	339	0	0
61	3	4	3	127	344	5	340	0	0
60	1	19	10	128	344	4	341	0	0
59	3	27	11	129	344	3	342	0	0
58	3	42	26	130	344	2	343	0	0
57	1	57	41	131	344	1	344	0	0
62	2	3	-1	126	345	6	339	345	6
61	3	4	-1	127	345	5	340	345	5
60	1	10	1	128	345	5	341	0	0
59	3	11	3	129	345	4	342	0	0
58	3	26	10	130	345	3	343	0	0
57	1	41	25	131	345	2	344	0	0
56	4	56	40	132	345	1	345	0	0
60	1	10	-1	128	346	5	341	346	5
59	3	11	-1	129	346	4	342	346	4
58	3	10	3	130	346	4	343	0	0
57	1	25	9	131	346	3	344	0	0
56	4	40	31	132	346	2	345	0	0
55	4	55	39	133	346	1	346	0	0
58	3	10	-1	130	347	4	343	347	4
57	1	9	1	131	347	4	344	0	0
56	4	31	22	132	347	3	345	0	0
55	4	39	23	133	347	2	346	0	0
54	3	54	38	134	347	1	347	0	0
57	1	9	-1	131	348	4	344	348	4
56	4	22	13	132	348	4	345	0	0
55	4	23	14	133	348	3	346	0	0
54	3	38	22	134	348	2	347	0	0
53	4	53	37	135	348	1	348	0	0
56	4	13	4	132	349	5	345	0	0
55	4	14	5	133	349	4	346	0	0
54	3	22	13	134	349	3	347	0	0
53	4	37	21	135	349	2	348	0	0
52	1	52	36	136	349	1	349	0	0
56	4	13	-1	132	350	5	345	350	5
55	4	5	4	133	350	5	346	0	0
54	3	13	4	134	350	4	347	0	0
53	4	21	5	135	350	3	348	0	0
52	1	36	20	136	350	2	349	0	0
51	2	51	35	137	350	1	350	0	0
55	4	5	-1	133	351	5	346	351	5
53	4	5	4	135	351	4	348	0	0
52	1	20	11	136	351	3	349	0	0
51	2	35	19	137	351	2	350	0	0
50	2	50	34	138	351	1	351	0	0
54	3	4	3	134	352	5	347	0	0
52	1	11	2	136	352	4	349	0	0
51	2	19	3	137	352	3	350	0	0
50	2	34	18	138	352	2	351	0	0
49	2	49	33	139	352	1	352	0	0
52	1	2	1	136	353	5	349	0	0
54	3	4	-1	134	353	5	347	353	6
53	4	5	-1	135	353	4	348	353	5
50	2	18	2	138	353	3	351	0	0
49	2	33	17	139	353	2	352	0	0
48	3	48	39	140	353	1	353	0	0
52	1	2	-1	136	354	5	349	354	5
50	2	18	-1	138	354	3	351	354	3
51	2	3	2	137	354	4	350	0	0
49	2	17	1	139	354	3	352	0	0
48	3	39	30	140	354	2	353	0	0
47	1	47	38	141	354	1	354	0	0
49	2	1	2	139	355	4	352	0	0
51	2	3	-1	137	355	4	350	355	5
48	3	30	21	140	355	3	353	0	0
47	1	38	29	141	355	2	354	0	0
46	1	46	37	142	355	1	355	0	0
49	2	1	-1	139	356	4	352	356	4
48	3	21	12	140	356	4	353	0	0
47	1	29	20	141	356	3	354	0	0
46	1	37	28	142	356	2	355	0	0
45	2	45	29	143	356	1	356	0	0
48	3	12	3	140	357	5	353	0	0
47	1	20	11	141	357	4	354	0	0
46	1	28	19	142	357	3	355	0	0
45	2	29	20	143	357	2	356	0	0
44	3	44	28	144	357	1	357	0	0
48	3	12	-1	140	358	5	353	358	5
47	1	11	2	141	358	5	354	0	0
46	1	19	10	142	358	4	355	0	0
45	2	20	11	143	358	3	356	0	0
44	3	28	12	144	358	2	357	0	0
43	4	43	27	145	358	1	358	0	0
47	1	2	1	141	359	6	354	0	0
46	1	10	1	142	359	5	355	0	0
45	2	11	2	143	359	4	356	0	0
44	3	12	3	144	359	3	357	0	0
43	4	27	11	145	359	2	358	0	0
42	4	42	26	146	359	1	359	0	0
47	1	2	-1	141	360	6	354	360	6
45	2	11	-1	143	360	4	356	360	4
44	3	12	-1	144	360	3	357	360	3
43	4	11	4	145	360	3	358	0	0
42	4	26	10	146	360	2	359	0	0
41	3	41	25	147	360	1	360	0	0
46	1	10	-1	142	361	5	355	361	6
43	4	11	-1	145	361	3	358	361	3
42	4	10	3	146	361	3	359	0	0
41	3	25	9	147	361	2	360	0	0
40	2	40	38	148	361	1	361	0	0
42	4	3	4	146	362	4	359	0	0
41	3	9	2	147	362	3	360	0	0
40	2	38	29	148	362	2	361	0	0
39	3	39	30	149	362	1	362	0	0
41	3	2	3	147	363	4	360	0	0
42	4	3	-1	146	363	4	359	363	4
40	2	29	20	148	363	3	361	0	0
39	3	30	21	149	363	2	362	0	0
38	2	38	29	150	363	1	363	0	0
41	3	2	-1	147	364	4	360	364	4
40	2	20	11	148	364	4	361	0	0
39	3	21	12	149	364	3	362	0	0
38	2	29	20	150	364	2	363	0	0
37	1	37	28	151	364	1	364	0	0
40	2	11	2	148	365	5	361	0	0
39	3	12	3	149	365	4	362	0	0
38	2	20	11	150	365	3	363	0	0
37	1	28	19	151	365	2	364	0	0
36	3	36	20	152	365	1	365	0	0
40	2	11	-1	148	366	5	361	366	5
39	3	12	-1	149	366	4	362	366	4
38	2	11	2	150	366	4	363	0	0
37	1	19	10	151	366	3	364	0	0
36	3	20	4	152	366	2	365	0	0
35	4	35	19	153	366	1	366	0	0
38	2	11	-1	150	367	4	363	367	4
36	3	4	3	152	367	3	365	0	0
37	1	10	1	151	367	4	364	0	0
35	4	19	3	153	367	2	366	0	0
34	3	34	18	154	367	1	367	0	0
37	1	10	-1	151	368	4	364	368	4
36	3	4	-1	152	368	3	365	368	3
34	3	18	2	154	368	2	367	0	0
33	2	33	17	155	368	1	368	0	0
34	3	2	3	154	369	3	367	0	0
35	4	3	4	153	369	3	366	0	0
33	2	17	1	155	369	2	368	0	0
32	2	32	30	156	369	1	369	0	0
33	2	1	2	155	370	3	368	0	0
34	3	2	-1	154	370	3	367	370	3
35	4	3	-1	153	370	3	366	370	4
32	2	30	21	156	370	2	369	0	0
31	1	31	29	157	370	1	370	0	0
33	2	1	-1	155	371	3	368	371	3
32	2	21	12	156	371	3	369	0	0
31	1	29	20	157	371	2	370	0	0
30	1	30	28	158	371	1	371	0	0
32	2	12	3	156	372	4	369	0	0
31	1	20	11	157	372	3	370	0	0
30	1	28	19	158	372	2	371	0	0
29	4	29	13	159	372	1	372	0	0
32	2	3	2	156	373	5	369	0	0
31	1	11	2	157	373	4	370	0	0
29	4	13	4	159	373	2	372	0	0
30	1	19	10	158	373	3	371	0	0
28	4	28	12	160	373	1	373	0	0
32	2	3	-1	156	374	5	369	374	5
29	4	13	-1	159	374	2	372	374	2
30	1	10	1	158	374	4	371	0	0
28	4	12	4	160	374	2	373	0	0
27	1	27	11	161	374	1	374	0	0
30	1	10	-1	158	375	4	371	375	4
31	1	2	1	157	375	5	370	0	0
28	4	12	-1	160	375	2	373	375	2
27	1	11	2	161	375	2	374	0	0
26	1	26	10	162	375	1	375	0	0
31	1	2	-1	157	376	5	370	376	6
27	1	2	1	161	376	3	374	0	0
26	1	10	1	162	376	2	375	0	0
25	3	25	9	163	376	1	376	0	0
27	1	2	-1	161	377	3	374	377	3
25	3	9	2	163	377	2	376	0	0
24	4	24	22	164	377	1	377	0	0
26	1	10	-1	162	378	2	375	378	3
25	3	2	3	163	378	3	376	0	0
24	4	22	13	164	378	2	377	0	0
23	1	23	21	165	378	1	378	0	0
25	3	2	-1	163	379	3	376	379	3
24	4	13	4	164	379	3	377	0	0
23	1	21	19	165	379	2	378	0	0
22	3	22	13	166	379	1	379	0	0
24	4	13	-1	164	380	3	377	380	3
22	3	13	4	166	380	2	379	0	0
23	1	19	10	165	380	3	378	0	0
21	1	21	19	167	380	1	380	0	0
22	3	4	3	166	381	3	379	0	0
23	1	10	1	165	381	4	378	0	0
21	1	19	10	167	381	2	380	0	0
20	1	20	11	168	381	1	381	0	0
23	1	10	-1	165	382	4	378	382	4
22	3	4	-1	166	382	3	379	382	3
21	1	10	1	167	382	3	380	0	0
20	1	11	2	168	382	2	381	0	0
19	1	19	10	169	382	1	382	0	0
21	1	10	-1	167	383	3	380	383	3
20	1	2	1	168	383	3	381	0	0
19	1	10	1	169	383	2	382	0	0
18	4	18	11	170	383	1	383	0	0
20	1	2	-1	168	384	3	381	384	3
18	4	11	4	170	384	2	383	0	0
17	1	17	1	171	384	1	384	0	0
19	1	10	-1	169	385	2	382	385	3
18	4	11	-1	170	385	2	383	385	2
16	1	16	14	172	385	1	385	0	0
17	1	17	-1	171	386	1	384	386	2
16	1	14	12	172	386	2	385	0	0
15	3	15	13	173	386	1	386	0	0
16	1	12	10	172	387	3	385	0	0
15	3	13	4	173	387	2	386	0	0
14	3	14	12	174	387	1	387	0	0
15	3	4	3	173	388	3	386	0	0
16	1	10	1	172	388	4	385	0	0
14	3	12	3	174	388	2	387	0	0
13	4	13	4	175	388	1	388	0	0
16	1	10	-1	172	389	4	385	389	4
15	3	4	-1	173	389	3	386	389	3
13	4	13	-1	175	389	1	388	389	1
12	2	12	3	176	389	1	389	0	0
14	3	12	-1	174	390	2	387	390	3
11	3	11	3	177	390	1	390	0	0
12	2	3	2	176	391	2	389	0	0
10	2	10	2	178	391	1	391	0	0
12	2	3	-1	176	392	2	389	392	3
11	3	11	-1	177	392	1	390	392	2
9	1	9	1	179	392	1	392	0	0
9	1	9	-1	179	393	1	392	393	1
10	2	10	-1	178	393	1	391	393	2
8	3	8	6	180	393	1	393	0	0
8	3	6	4	180	394	2	393	0	0
7	3	7	5	181	394	1	394	0	0
8	3	4	3	180	395	3	393	0	0
7	3	5	3	181	395	2	394	0	0
6	2	6	4	182	395	1	395	0	0
8	3	4	-1	180	396	3	393	396	3
6	2	4	2	182	396	2	395	0	0
5	4	5	4	183	396	1	396	0	0
6	2	4	-1	182	397	2	395	397	2
7	3	5	-1	181	397	2	394	397	3
5	4	5	-1	183	397	1	396	397	1
64	1	64	55	184	537	1	537	0	0
64	1	55	46	184	538	2	537	0	0
63	1	63	47	185	538	1	538	0	0
64	1	46	37	184	539	3	537	0	0
63	1	47	38	185	539	2	538	0	0
62	2	62	46	186	539	1	539	0	0
64	1	37	28	184	540	4	537	0	0
63	1	38	29	185	540	3	538	0	0
62	2	46	30	186	540	2	539	0	0
61	1	61	45	187	540	1	540	0	0
64	1	28	19	184	541	5	537	0	0
63	1	29	20	185	541	4	538	0	0
62	2	30	21	186	541	3	539	0	0
61	1	45	29	187	541	2	540	0	0
60	2	60	44	188	541	1	541	0	0
64	1	19	10	184	542	6	537	0	0
63	1	20	11	185	542	5	538	0	0
62	2	21	12	186	542	4	539	0	0
61	1	29	20	187	542	3	540	0	0
60	2	44	28	188	542	2	541	0	0
59	3	59	43	189	542	1	542	0	0
64	1	10	1	184	543	7	537	0	0
63	1	11	2	185	543	6	538	0	0
62	2	12	3	186	543	5	539	0	0
61	1	20	11	187	543	4	540	0	0
60	2	28	12	188	543	3	541	0	0
59	3	43	27	189	543	2	542	0	0
58	4	58	42	190	543	1	543	0	0
64	1	10	-1	184	544	7	537	544	7
63	1	2	1	185	544	7	538	0	0
62	2	3	2	186	544	6	539	0	0
61	1	11	2	187	544	5	540	0	0
60	2	12	3	188	544	4	541	0	0
59	3	27	11	189	544	3	542	0	0
58	4	42	26	190	544	2	543	0	0
57	2	57	41	191	544	1	544	0	0
63	1	2	-1	185	545	7	538	545	7
62	2	3	-1	186	545	6	539	545	6
60	2	3	2	188	545	5	541	0	0
59	3	11	3	189	545	4	542	0	0
58	4	26	10	190	545	3	543	0	0
57	2	41	25	191	545	2	544	0	0
56	2	56	47	192	545	1	545	0	0
61	1	2	1	187	546	6	540	0	0
59	3	11	-1	189	546	4	542	546	4
58	4	10	3	190	546	4	543	0	0
57	2	25	9	191	546	3	544	0	0
56	2	47	38	192	546	2	545	0	0
55	3	55	39	193	546	1	546	0	0
61	1	2	-1	187	547	6	540	547	7
60	2	3	-1	188	547	5	541	547	6
58	4	3	4	190	547	5	543	0	0
57	2	9	2	191	547	4	544	0	0
56	2	38	29	192	547	3	545	0	0
55	3	39	30	193	547	2	546	0	0
54	1	54	38	194	547	1	547	0	0
57	2	9	-1	191	548	4	544	548	4
58	4	3	-1	190	548	5	543	548	5
56	2	29	20	192	548	4	545	0	0
55	3	30	21	193	548	3	546	0	0
54	1	38	29	194	548	2	547	0	0
53	2	53	37	195	548	1	548	0	0
56	2	20	11	192	549	5	545	0	0
55	3	21	12	193	549	4	546	0	0
54	1	29	20	194	549	3	547	0	0
53	2	37	21	195	549	2	548	0	0
52	4	52	36	196	549	1	549	0	0
56	2	11	2	192	550	6	545	0	0
55	3	12	3	193	550	5	546	0	0
54	1	20	11	194	550	4	547	0	0
53	2	21	12	195	550	3	548	0	0
52	4	36	20	196	550	2	549	0	0
51	3	51	35	197	550	1	550	0	0
56	2	11	-1	192	551	6	545	551	6
55	3	12	-1	193	551	5	546	551	5
54	1	11	2	194	551	5	547	0	0
53	2	12	3	195	551	4	548	0	0
52	4	20	4	196	551	3	549	0	0
51	3	35	19	197	551	2	550	0	0
50	2	50	34	198	551	1	551	0	0
54	1	2	1	194	552	6	547	0	0
53	2	3	2	195	552	5	548	0	0
52	4	20	-1	196	552	3	549	552	3
51	3	19	3	197	552	3	550	0	0
50	2	34	18	198	552	2	551	0	0
49	4	49	33	199	552	1	552	0	0
54	1	2	-1	194	553	6	547	553	6
53	2	3	-1	195	553	5	548	553	5
51	3	19	-1	197	553	3	550	553	3
50	2	18	2	198	553	3	551	0	0
49	4	33	17	199	553	2	552	0	0
48	3	48	39	200	553	1	553	0	0
50	2	18	-1	198	554	3	551	554	3
49	4	17	10	199	554	3	552	0	0
48	3	39	30	200	554	2	553	0	0
47	2	47	38	201	554	1	554	0	0
49	4	10	3	199	555	4	552	0	0
48	3	30	21	200	555	3	553	0	0
47	2	38	29	201	555	2	554	0	0
46	3	46	30	202	555	1	555	0	0
49	4	3	4	199	556	5	552	0	0
48	3	21	12	200	556	4	553	0	0
47	2	29	20	201	556	3	554	0	0
46	3	30	21	202	556	2	555	0	0
45	3	45	29	203	556	1	556	0	0
49	4	3	-1	199	557	5	552	557	5
48	3	12	3	200	557	5	553	0	0
47	2	20	11	201	557	4	554	0	0
46	3	21	12	202	557	3	555	0	0
45	3	29	13	203	557	2	556	0	0
44	2	44	28	204	557	1	557	0	0
48	3	12	-1	200	558	5	553	558	5
47	2	11	2	201	558	5	554	0	0
46	3	12	3	202	558	4	555	0	0
45	3	13	4	203	558	3	556	0	0
44	2	28	12	204	558	2	557	0	0
43	4	43	27	205	558	1	558	0	0
47	2	11	-1	201	559	5	554	559	5
46	3	12	-1	202	559	4	555	559	4
45	3	4	3	203	559	4	556	0	0
44	2	12	3	204	559	3	557	0	0
43	4	27	11	205	559	2	558	0	0
42	2	42	26	206	559	1	559	0	0
45	3	4	-1	203	560	4	556	560	4
43	4	11	4	205	560	3	558	0	0
42	2	26	10	206	560	2	559	0	0
41	3	41	25	207	560	1	560	0	0
44	2	3	2	204	561	4	557	0	0
43	4	11	-1	205	561	3	558	561	3
42	2	10	2	206	561	3	559	0	0
41	3	25	9	207	561	2	560	0	0
40	1	40	38	208	561	1	561	0	0
44	2	3	-1	204	562	4	557	562	5
41	3	9	2	207	562	3	560	0	0
40	1	38	29	208	562	2	561	0	0
39	2	39	30	209	562	1	562	0	0
42	2	10	-1	206	563	3	559	563	4
40	1	29	20	208	563	3	561	0	0
39	2	30	21	209	563	2	562	0	0
38	3	38	22	210	563	1	563	0	0
41	3	2	3	207	564	4	560	0	0
40	1	20	11	208	564	4	561	0	0
39	2	21	12	209	564	3	562	0	0
38	3	22	13	210	564	2	563	0	0
37	4	37	21	211	564	1	564	0	0
41	3	2	-1	207	565	4	560	565	5
40	1	11	2	208	565	5	561	0	0
39	2	12	3	209	565	4	562	0	0
38	3	13	4	210	565	3	563	0	0
37	4	21	5	211	565	2	564	0	0
36	1	36	20	212	565	1	565	0	0
40	1	2	1	208	566	6	561	0	0
39	2	3	2	209	566	5	562	0	0
38	3	4	3	210	566	4	563	0	0
37	4	5	4	211	566	3	564	0	0
36	1	20	11	212	566	2	565	0	0
35	1	35	19	213	566	1	566	0	0
40	1	2	-1	208	567	6	561	567	6
39	2	3	-1	209	567	5	562	567	5
38	3	4	-1	210	567	4	563	567	4
37	4	5	-1	211	567	3	564	567	3
36	1	11	2	212	567	3	565	0	0
35	1	19	10	213	567	2	566	0	0
34	2	34	18	214	567	1	567	0	0
36	1	2	1	212	568	4	565	0	0
35	1	10	1	213	568	3	566	0	0
34	2	18	2	214	568	2	567	0	0
33	1	33	17	215	568	1	568	0	0
36	1	2	-1	212	569	4	565	569	4
34	2	18	-1	214	569	2	567	569	2
33	1	17	1	215	569	2	568	0	0
32	1	32	30	216	569	1	569	0	0
35	1	10	-1	213	570	3	566	570	4
32	1	30	28	216	570	2	569	0	0
31	1	31	29	217	570	1	570	0	0
33	1	17	-1	215	571	2	568	571	3
32	1	28	19	216	571	3	569	0	0
31	1	29	20	217	571	2	570	0	0
30	2	30	21	218	571	1	571	0	0
32	1	19	10	216	572	4	569	0	0
31	1	20	11	217	572	3	570	0	0
30	2	21	12	218	572	2	571	0	0
29	3	29	13	219	572	1	572	0	0
32	1	10	1	216	573	5	569	0	0
31	1	11	2	217	573	4	570	0	0
30	2	12	3	218	573	3	571	0	0
29	3	13	4	219	573	2	572	0	0
28	2	28	12	220	573	1	573	0	0
32	1	10	-1	216	574	5	569	574	5
31	1	2	1	217	574	5	570	0	0
30	2	3	2	218	574	4	571	0	0
29	3	4	3	219	574	3	572	0	0
28	2	12	3	220	574	2	573	0	0
27	1	27	11	221	574	1	574	0	0
31	1	2	-1	217	575	5	570	575	5
30	2	3	-1	218	575	4	571	575	4
29	3	4	-1	219	575	3	572	575	3
27	1	11	2	221	575	2	574	0	0
26	1	26	10	222	575	1	575	0	0
27	1	2	1	221	576	3	574	0	0
28	2	3	2	220	576	3	573	0	0
26	1	10	1	222	576	2	575	0	0
25	3	25	9	223	576	1	576	0	0
27	1	2	-1	221	577	3	574	577	3
28	2	3	-1	220	577	3	573	577	4
25	3	9	2	223	577	2	576	0	0
24	4	24	22	224	577	1	577	0	0
26	1	10	-1	222	578	2	575	578	3
25	3	2	3	223	578	3	576	0	0
24	4	22	13	224	578	2	577	0	0
23	1	23	21	225	578	1	578	0	0
25	3	2	-1	223	579	3	576	579	3
24	4	13	4	224	579	3	577	0	0
23	1	21	19	225	579	2	578	0	0
22	4	22	13	226	579	1	579	0	0
24	4	13	-1	224	580	3	577	580	3
22	4	13	4	226	580	2	579	0	0
23	1	19	10	225	580	3	578	0	0
21	2	21	12	227	580	1	580	0	0
22	4	13	-1	226	581	2	579	581	2
23	1	10	1	225	581	4	578	0	0
21	2	12	3	227	581	2	580	0	0
20	2	20	11	228	581	1	581	0	0
23	1	10	-1	225	582	4	578	582	4
21	2	3	2	227	582	3	580	0	0
20	2	11	2	228	582	2	581	0	0
19	3	19	3	229	582	1	582	0	0
21	2	3	-1	227	583	3	580	583	3
19	3	19	-1	229	583	1	582	583	1
18	1	18	2	230	583	1	583	0	0
20	2	11	-1	228	584	2	581	584	3
17	4	17	10	231	584	1	584	0	0
18	1	2	1	230	585	2	583	0	0
17	4	10	3	231	585	2	584	0	0
16	4	16	14	232	585	1	585	0	0
18	1	2	-1	230	586	2	583	586	3
17	4	3	4	231	586	3	584	0	0
16	4	14	5	232	586	2	585	0	0
15	2	15	13	233	586	1	586	0	0
17	4	3	-1	231	587	3	584	587	3
16	4	5	4	232	587	3	585	0	0
15	2	13	11	233	587	2	586	0	0
14	1	14	12	234	587	1	587	0	0
16	4	5	-1	232	588	3	585	588	3
15	2	11	2	233	588	3	586	0	0
14	1	12	10	234	588	2	587	0	0
13	4	13	4	235	588	1	588	0	0
15	2	11	-1	233	589	3	586	589	3
13	4	13	-1	235	589	1	588	589	1
14	1	10	1	234	589	3	587	0	0
12	2	12	3	236	589	1	589	0	0
14	1	10	-1	234	590	3	587	590	3
12	2	3	2	236	590	2	589	0	0
11	4	11	4	237	590	1	590	0	0
12	2	3	-1	236	591	2	589	591	2
11	4	11	-1	237	591	1	590	591	1
10	3	10	3	238	591	1	591	0	0
10	3	10	-1	238	592	1	591	592	1
9	1	9	1	239	592	1	592	0	0
9	1	9	-1	239	593	1	592	593	1
8	4	8	6	240	593	1	593	0	0
8	4	6	4	240	594	2	593	0	0
7	2	7	5	241	594	1	594	0	0
8	4	6	-1	240	595	2	593	595	2
7	2	5	3	241	595	2	594	0	0
6	2	6	4	242	595	1	595	0	0
7	2	3	2	241	596	3	594	0	0
6	2	4	2	242	596	2	595	0	0
5	3	5	3	243	596	1	596	0	0
7	2	3	-1	241	597	3	594	597	3
5	3	5	-1	243	597	1	596	597	1
6	2	4	-1	242	598	2	595	598	3
64	4	64	48	244	737	1	737	0	0
64	4	48	32	244	738	2	737	0	0
63	1	63	47	245	738	1	738	0	0
64	4	32	23	244	739	3	737	0	0
63	1	47	38	245	739	2	738	0	0
62	2	62	46	246	739	1	739	0	0
64	4	23	14	244	740	4	737	0	0
63	1	38	29	245	740	3	738	0	0
62	2	46	30	246	740	2	739	0	0
61	4	61	45	247	740	1	740	0	0
64	4	14	5	244	741	5	737	0	0
63	1	29	20	245	741	4	738	0	0
62	2	30	21	246	741	3	739	0	0
61	4	45	29	247	741	2	740	0	0
60	3	60	44	248	741	1	741	0	0
64	4	5	4	244	742	6	737	0	0
63	1	20	11	245	742	5	738	0	0
62	2	21	12	246	742	4	739	0	0
61	4	29	13	247	742	3	740	0	0
60	3	44	28	248	742	2	741	0	0
59	3	59	43	249	742	1	742	0	0
64	4	5	-1	244	743	6	737	743	6
63	1	11	2	245	743	6	738	0	0
62	2	12	3	246	743	5	739	0	0
61	4	13	4	247	743	4	740	0	0
60	3	28	12	248	743	3	741	0	0
59	3	43	27	249	743	2	742	0	0
58	2	58	42	250	743	1	743	0	0
63	1	2	1	245	744	7	738	0	0
62	2	3	2	246	744	6	739	0	0
61	4	13	-1	247	744	4	740	744	4
60	3	12	3	248	744	4	741	0	0
59	3	27	11	249	744	3	742	0	0
58	2	42	26	250	744	2	743	0	0
57	1	57	41	251	744	1	744	0	0
63	1	2	-1	245	745	7	738	745	7
62	2	3	-1	246	745	6	739	745	6
60	3	12	-1	248	745	4	741	745	4
59	3	11	3	249	745	4	742	0	0
58	2	26	10	250	745	3	743	0	0
57	1	41	25	251	745	2	744	0	0
56	4	56	40	252	745	1	745	0	0
59	3	11	-1	249	746	4	742	746	4
58	2	10	2	250	746	4	743	0	0
57	1	25	9	251	746	3	744	0	0
56	4	40	31	252	746	2	745	0	0
55	2	55	39	253	746	1	746	0	0
58	2	10	-1	250	747	4	743	747	4
57	1	9	1	251	747	4	744	0	0
56	4	31	22	252	747	3	745	0	0
55	2	39	30	253	747	2	746	0	0
54	4	54	38	254	747	1	747	0	0
57	1	9	-1	251	748	4	744	748	4
56	4	22	13	252	748	4	745	0	0
55	2	30	21	253	748	3	746	0	0
54	4	38	22	254	748	2	747	0	0
53	1	53	37	255	748	1	748	0	0
56	4	13	4	252	749	5	745	0	0
55	2	21	12	253	749	4	746	0	0
54	4	22	13	254	749	3	747	0	0
53	1	37	28	255	749	2	748	0	0
52	2	52	36	256	749	1	749	0	0
56	4	13	-1	252	750	5	745	750	5
55	2	12	3	253	750	5	746	0	0
54	4	13	4	254	750	4	747	0	0
53	1	28	19	255	750	3	748	0	0
52	2	36	20	256	750	2	749	0	0
51	1	51	35	257	750	1	750	0	0
55	2	3	2	253	751	6	746	0	0
54	4	13	-1	254	751	4	747	751	4
53	1	19	10	255	751	4	748	0	0
52	2	20	11	256	751	3	749	0	0
51	1	35	19	257	751	2	750	0	0
50	1	50	34	258	751	1	751	0	0
55	2	3	-1	253	752	6	746	752	6
53	1	10	1	255	752	5	748	0	0
52	2	11	2	256	752	4	749	0	0
51	1	19	10	257	752	3	750	0	0
50	1	34	18	258	752	2	751	0	0
49	4	49	33	259	752	1	752	0	0
53	1	10	-1	255	753	5	748	753	5
52	2	11	-1	256	753	4	749	753	4
51	1	10	1	257	753	4	750	0	0
50	1	18	2	258	753	3	751	0	0
49	4	33	17	259	753	2	752	0	0
48	4	48	32	260	753	1	753	0	0
51	1	10	-1	257	754	4	750	754	4
50	1	2	1	258	754	4	751	0	0
49	4	17	10	259	754	3	752	0	0
48	4	32	23	260	754	2	753	0	0
47	1	47	38	261	754	1	754	0	0
50	1	2	-1	258	755	4	751	755	4
49	4	10	3	259	755	4	752	0	0
48	4	23	14	260	755	3	753	0	0
47	1	38	29	261	755	2	754	0	0
46	2	46	30	262	755	1	755	0	0
49	4	3	4	259	756	5	752	0	0
48	4	14	5	260	756	4	753	0	0
47	1	29	20	261	756	3	754	0	0
46	2	30	21	262	756	2	755	0	0
45	3	45	29	263	756	1	756	0	0
49	4	3	-1	259	757	5	752	757	5
48	4	5	4	260	757	5	753	0	0
47	1	20	11	261	757	4	754	0	0
46	2	21	12	262	757	3	755	0	0
45	3	29	13	263	757	2	756	0	0
48	4	5	-1	260	758	5	753	758	5
47	1	11	2	261	758	5	754	0	0
46	2	12	3	262	758	4	755	0	0
45	3	13	4	263	758	3	756	0	0
47	1	2	1	261	759	6	754	0	0
46	2	3	2	262	759	5	755	0	0
45	3	4	3	263	759	4	756	0	0
47	1	2	-1	261	760	6	754	760	6
46	2	3	-1	262	760	5	755	760	5
45	3	4	-1	263	760	4	756	760	4
