srcNode	destNode	hopSource	hopDest	msgLabel	timestamp	hopCount	startTime	endTime	travelTime
1	-1	1	-1	0	0	1	0	0	0
2	-1	2	-1	1	0	1	0	0	0
3	-1	3	-1	2	0	1	0	0	0
4	-1	4	-1	3	0	1	0	0	0
5	-1	5	-1	4	0	1	0	0	0
6	-1	6	-1	5	0	1	0	0	0
7	-1	7	-1	6	0	1	0	0	0
8	-1	8	-1	7	0	1	0	0	0
9	-1	9	-1	8	0	1	0	0	0
10	-1	10	-1	9	0	1	0	0	0
11	-1	11	-1	10	0	1	0	0	0
12	-1	12	-1	11	0	1	0	0	0
13	-1	13	-1	12	0	1	0	0	0
14	-1	14	-1	13	0	1	0	0	0
15	-1	15	-1	14	0	1	0	0	0
16	-1	16	-1	15	0	1	0	0	0
17	-1	17	-1	16	0	1	0	0	0
18	-1	18	-1	17	0	1	0	0	0
19	-1	19	-1	18	0	1	0	0	0
20	-1	20	-1	19	0	1	0	0	0
21	-1	21	-1	20	0	1	0	0	0
22	-1	22	-1	21	0	1	0	0	0
23	-1	23	-1	22	0	1	0	0	0
24	-1	24	-1	23	0	1	0	0	0
25	-1	25	-1	24	0	1	0	0	0
26	-1	26	-1	25	0	1	0	0	0
27	-1	27	-1	26	0	1	0	0	0
28	-1	28	-1	27	0	1	0	0	0
29	-1	29	-1	28	0	1	0	0	0
30	-1	30	-1	29	0	1	0	0	0
31	-1	31	-1	30	0	1	0	0	0
32	-1	32	-1	31	0	1	0	0	0
33	-1	33	-1	32	0	1	0	0	0
34	-1	34	-1	33	0	1	0	0	0
35	-1	35	-1	34	0	1	0	0	0
36	-1	36	-1	35	0	1	0	0	0
37	-1	37	-1	36	0	1	0	0	0
38	-1	38	-1	37	0	1	0	0	0
39	-1	39	-1	38	0	1	0	0	0
40	-1	40	-1	39	0	1	0	0	0
41	-1	41	-1	40	0	1	0	0	0
42	-1	42	-1	41	0	1	0	0	0
43	-1	43	-1	42	0	1	0	0	0
44	-1	44	-1	43	0	1	0	0	0
45	-1	45	-1	44	0	1	0	0	0
46	-1	46	-1	45	0	1	0	0	0
47	-1	47	-1	46	0	1	0	0	0
48	-1	48	-1	47	0	1	0	0	0
49	-1	49	-1	48	0	1	0	0	0
50	-1	50	-1	49	0	1	0	0	0
51	-1	51	-1	50	0	1	0	0	0
52	-1	52	-1	51	0	1	0	0	0
53	-1	53	-1	52	0	1	0	0	0
54	-1	54	-1	53	0	1	0	0	0
55	-1	55	-1	54	0	1	0	0	0
56	-1	56	-1	55	0	1	0	0	0
57	-1	57	-1	56	0	1	0	0	0
58	-1	58	-1	57	0	1	0	0	0
59	-1	59	-1	58	0	1	0	0	0
60	-1	60	-1	59	0	1	0	0	0
61	-1	61	-1	60	0	1	0	0	0
62	-1	62	-1	61	0	1	0	0	0
63	-1	63	-1	62	0	1	0	0	0
64	-1	64	-1	63	0	1	0	0	0
2	-1	2	-1	1	1	1	0	1	1
3	-1	3	-1	2	1	1	0	1	1
9	-1	9	-1	8	1	1	0	1	1
10	-1	10	-1	9	1	1	0	1	1
17	-1	17	-1	16	1	1	0	1	1
64	1	64	-1	64	137	1	137	0	0
63	1	63	56	65	138	1	138	0	0
62	1	62	48	66	139	1	139	0	0
61	1	61	40	67	140	1	140	0	0
60	1	60	32	68	141	1	141	0	0
59	1	59	53	69	142	1	142	0	0
58	1	58	57	70	143	1	143	0	0
57	1	57	46	71	144	1	144	0	0
56	1	56	64	72	145	1	145	0	0
55	1	55	62	73	146	1	146	0	0
54	1	54	47	74	147	1	147	0	0
53	1	53	39	75	148	1	148	0	0
52	1	52	31	76	149	1	149	0	0
51	1	51	23	77	150	1	150	0	0
50	1	50	49	78	151	1	151	0	0
49	1	49	15	79	152	1	152	0	0
48	1	48	63	80	153	1	153	0	0
47	1	47	61	81	154	1	154	0	0
46	1	46	16	82	155	1	155	0	0
45	1	45	38	83	156	1	156	0	0
44	1	44	30	84	157	1	157	0	0
43	1	43	22	85	158	1	158	0	0
42	1	42	41	86	159	1	159	0	0
41	1	41	36	87	160	1	160	0	0
40	1	40	55	88	161	1	161	0	0
39	1	39	24	89	162	1	162	0	0
38	1	38	52	90	163	1	163	0	0
37	1	37	44	91	164	1	164	0	0
36	1	36	29	92	165	1	165	0	0
35	1	35	21	93	166	1	166	0	0
34	1	34	33	94	167	1	167	0	0
33	1	33	13	95	168	1	168	0	0
32	1	32	54	96	169	1	169	0	0
31	1	31	58	97	170	1	170	0	0
30	1	30	50	98	171	1	171	0	0
29	1	29	14	99	172	1	172	0	0
28	1	28	35	100	173	1	173	0	0
27	1	27	20	101	174	1	174	0	0
26	1	26	25	102	175	1	175	0	0
25	1	25	12	103	176	1	176	0	0
24	1	24	60	104	177	1	177	0	0
23	1	23	45	105	178	1	178	0	0
22	1	22	37	106	179	1	179	0	0
21	1	21	42	107	180	1	180	0	0
20	1	20	34	108	181	1	181	0	0
19	1	19	26	109	182	1	182	0	0
18	1	18	11	110	183	1	183	0	0
17	1	17	3	111	184	1	184	0	0
16	1	16	8	112	185	1	185	0	0
15	1	15	7	113	186	1	186	0	0
14	1	14	6	114	187	1	187	0	0
13	1	13	5	115	188	1	188	0	0
12	1	12	4	116	189	1	189	0	0
11	1	11	19	117	190	1	190	0	0
10	1	10	17	118	191	1	191	0	0
9	1	9	2	119	192	1	192	0	0
8	1	8	59	120	193	1	193	0	0
7	1	7	51	121	194	1	194	0	0
6	1	6	43	122	195	1	195	0	0
5	1	5	28	123	196	1	196	0	0
4	1	4	27	124	197	1	197	0	0
3	1	3	18	125	198	1	198	0	0
2	1	2	10	126	199	1	199	0	0
64	1	64	-1	127	337	1	337	0	0
63	1	63	56	128	338	1	338	0	0
62	1	62	48	129	339	1	339	0	0
61	1	61	40	130	340	1	340	0	0
60	1	60	32	131	341	1	341	0	0
59	1	59	53	132	342	1	342	0	0
58	1	58	57	133	343	1	343	0	0
57	1	57	46	134	344	1	344	0	0
56	1	56	64	135	345	1	345	0	0
55	1	55	62	136	346	1	346	0	0
54	1	54	47	137	347	1	347	0	0
53	1	53	39	138	348	1	348	0	0
52	1	52	31	139	349	1	349	0	0
51	1	51	23	140	350	1	350	0	0
50	1	50	49	141	351	1	351	0	0
49	1	49	15	142	352	1	352	0	0
48	1	48	63	143	353	1	353	0	0
47	1	47	61	144	354	1	354	0	0
46	1	46	16	145	355	1	355	0	0
45	1	45	38	146	356	1	356	0	0
44	1	44	30	147	357	1	357	0	0
43	1	43	22	148	358	1	358	0	0
42	1	42	41	149	359	1	359	0	0
41	1	41	36	150	360	1	360	0	0
40	1	40	55	151	361	1	361	0	0
39	1	39	24	152	362	1	362	0	0
38	1	38	52	153	363	1	363	0	0
37	1	37	44	154	364	1	364	0	0
36	1	36	29	155	365	1	365	0	0
35	1	35	21	156	366	1	366	0	0
34	1	34	33	157	367	1	367	0	0
33	1	33	13	158	368	1	368	0	0
32	1	32	54	159	369	1	369	0	0
31	1	31	58	160	370	1	370	0	0
30	1	30	50	161	371	1	371	0	0
29	1	29	14	162	372	1	372	0	0
28	1	28	35	163	373	1	373	0	0
27	1	27	20	164	374	1	374	0	0
26	1	26	25	165	375	1	375	0	0
25	1	25	12	166	376	1	376	0	0
24	1	24	60	167	377	1	377	0	0
23	1	23	45	168	378	1	378	0	0
22	1	22	37	169	379	1	379	0	0
21	1	21	42	170	380	1	380	0	0
20	1	20	34	171	381	1	381	0	0
19	1	19	26	172	382	1	382	0	0
18	1	18	11	173	383	1	383	0	0
17	1	17	3	174	384	1	384	0	0
16	1	16	8	175	385	1	385	0	0
15	1	15	7	176	386	1	386	0	0
14	1	14	6	177	387	1	387	0	0
13	1	13	5	178	388	1	388	0	0
12	1	12	4	179	389	1	389	0	0
11	1	11	19	180	390	1	390	0	0
10	1	10	17	181	391	1	391	0	0
9	1	9	2	182	392	1	392	0	0
8	1	8	59	183	393	1	393	0	0
7	1	7	51	184	394	1	394	0	0
6	1	6	43	185	395	1	395	0	0
5	1	5	28	186	396	1	396	0	0
4	1	4	27	187	397	1	397	0	0
3	1	3	18	188	398	1	398	0	0
2	1	2	10	189	399	1	399	0	0
64	1	64	-1	190	537	1	537	0	0
63	1	63	56	191	538	1	538	0	0
62	1	62	48	192	539	1	539	0	0
61	1	61	40	193	540	1	540	0	0
60	1	60	32	194	541	1	541	0	0
59	1	59	53	195	542	1	542	0	0
58	1	58	57	196	543	1	543	0	0
57	1	57	46	197	544	1	544	0	0
56	1	56	64	198	545	1	545	0	0
55	1	55	62	199	546	1	546	0	0
54	1	54	47	200	547	1	547	0	0
53	1	53	39	201	548	1	548	0	0
52	1	52	31	202	549	1	549	0	0
51	1	51	23	203	550	1	550	0	0
50	1	50	49	204	551	1	551	0	0
49	1	49	15	205	552	1	552	0	0
48	1	48	63	206	553	1	553	0	0
47	1	47	61	207	554	1	554	0	0
46	1	46	16	208	555	1	555	0	0
45	1	45	38	209	556	1	556	0	0
44	1	44	30	210	557	1	557	0	0
43	1	43	22	211	558	1	558	0	0
42	1	42	41	212	559	1	559	0	0
41	1	41	36	213	560	1	560	0	0
40	1	40	55	214	561	1	561	0	0
39	1	39	24	215	562	1	562	0	0
38	1	38	52	216	563	1	563	0	0
37	1	37	44	217	564	1	564	0	0
36	1	36	29	218	565	1	565	0	0
35	1	35	21	219	566	1	566	0	0
34	1	34	33	220	567	1	567	0	0
33	1	33	13	221	568	1	568	0	0
32	1	32	54	222	569	1	569	0	0
31	1	31	58	223	570	1	570	0	0
30	1	30	50	224	571	1	571	0	0
29	1	29	14	225	572	1	572	0	0
28	1	28	35	226	573	1	573	0	0
27	1	27	20	227	574	1	574	0	0
26	1	26	25	228	575	1	575	0	0
25	1	25	12	229	576	1	576	0	0
24	1	24	60	230	577	1	577	0	0
23	1	23	45	231	578	1	578	0	0
22	1	22	37	232	579	1	579	0	0
21	1	21	42	233	580	1	580	0	0
20	1	20	34	234	581	1	581	0	0
19	1	19	26	235	582	1	582	0	0
18	1	18	11	236	583	1	583	0	0
17	1	17	3	237	584	1	584	0	0
16	1	16	8	238	585	1	585	0	0
15	1	15	7	239	586	1	586	0	0
14	1	14	6	240	587	1	587	0	0
13	1	13	5	241	588	1	588	0	0
12	1	12	4	242	589	1	589	0	0
11	1	11	19	243	590	1	590	0	0
10	1	10	17	244	591	1	591	0	0
9	1	9	2	245	592	1	592	0	0
8	1	8	59	246	593	1	593	0	0
7	1	7	51	247	594	1	594	0	0
6	1	6	43	248	595	1	595	0	0
5	1	5	28	249	596	1	596	0	0
4	1	4	27	250	597	1	597	0	0
3	1	3	18	251	598	1	598	0	0
2	1	2	10	252	599	1	599	0	0
64	1	64	-1	253	737	1	737	0	0
63	1	63	56	254	738	1	738	0	0
62	1	62	48	255	739	1	739	0	0
61	1	61	40	256	740	1	740	0	0
60	1	60	32	257	741	1	741	0	0
59	1	59	53	258	742	1	742	0	0
58	1	58	57	259	743	1	743	0	0
57	1	57	46	260	744	1	744	0	0
56	1	56	64	261	745	1	745	0	0
55	1	55	62	262	746	1	746	0	0
54	1	54	47	263	747	1	747	0	0
53	1	53	39	264	748	1	748	0	0
52	1	52	31	265	749	1	749	0	0
51	1	51	23	266	750	1	750	0	0
50	1	50	49	267	751	1	751	0	0
49	1	49	15	268	752	1	752	0	0
48	1	48	63	269	753	1	753	0	0
47	1	47	61	270	754	1	754	0	0
46	1	46	16	271	755	1	755	0	0
45	1	45	38	272	756	1	756	0	0
44	1	44	30	273	757	1	757	0	0
43	1	43	22	274	758	1	758	0	0
42	1	42	41	275	759	1	759	0	0
41	1	41	36	276	760	1	760	0	0
40	1	40	55	277	761	1	761	0	0
39	1	39	24	278	762	1	762	0	0
38	1	38	52	279	763	1	763	0	0
37	1	37	44	280	764	1	764	0	0
36	1	36	29	281	765	1	765	0	0
35	1	35	21	282	766	1	766	0	0
34	1	34	33	283	767	1	767	0	0
33	1	33	13	284	768	1	768	0	0
32	1	32	54	285	769	1	769	0	0
31	1	31	58	286	770	1	770	0	0
30	1	30	50	287	771	1	771	0	0
29	1	29	14	288	772	1	772	0	0
28	1	28	35	289	773	1	773	0	0
27	1	27	20	290	774	1	774	0	0
26	1	26	25	291	775	1	775	0	0
25	1	25	12	292	776	1	776	0	0
24	1	24	60	293	777	1	777	0	0
23	1	23	45	294	778	1	778	0	0
22	1	22	37	295	779	1	779	0	0
21	1	21	42	296	780	1	780	0	0
20	1	20	34	297	781	1	781	0	0
19	1	19	26	298	782	1	782	0	0
18	1	18	11	299	783	1	783	0	0
17	1	17	3	300	784	1	784	0	0
16	1	16	8	301	785	1	785	0	0
15	1	15	7	302	786	1	786	0	0
14	1	14	6	303	787	1	787	0	0
13	1	13	5	304	788	1	788	0	0
12	1	12	4	305	789	1	789	0	0
11	1	11	19	306	790	1	790	0	0
10	1	10	17	307	791	1	791	0	0
9	1	9	2	308	792	1	792	0	0
8	1	8	59	309	793	1	793	0	0
7	1	7	51	310	794	1	794	0	0
6	1	6	43	311	795	1	795	0	0
5	1	5	28	312	796	1	796	0	0
4	1	4	27	313	797	1	797	0	0
3	1	3	18	314	798	1	798	0	0
2	1	2	10	315	799	1	799	0	0
64	1	64	-1	316	937	1	937	0	0
63	1	63	56	317	938	1	938	0	0
62	1	62	48	318	939	1	939	0	0
61	1	61	40	319	940	1	940	0	0
60	1	60	32	320	941	1	941	0	0
59	1	59	53	321	942	1	942	0	0
58	1	58	57	322	943	1	943	0	0
57	1	57	46	323	944	1	944	0	0
56	1	56	64	324	945	1	945	0	0
55	1	55	62	325	946	1	946	0	0
54	1	54	47	326	947	1	947	0	0
53	1	53	39	327	948	1	948	0	0
52	1	52	31	328	949	1	949	0	0
51	1	51	23	329	950	1	950	0	0
50	1	50	49	330	951	1	951	0	0
49	1	49	15	331	952	1	952	0	0
48	1	48	63	332	953	1	953	0	0
47	1	47	61	333	954	1	954	0	0
46	1	46	16	334	955	1	955	0	0
45	1	45	38	335	956	1	956	0	0
44	1	44	30	336	957	1	957	0	0
43	1	43	22	337	958	1	958	0	0
42	1	42	41	338	959	1	959	0	0
41	1	41	36	339	960	1	960	0	0
40	1	40	55	340	961	1	961	0	0
39	1	39	24	341	962	1	962	0	0
38	1	38	52	342	963	1	963	0	0
37	1	37	44	343	964	1	964	0	0
36	1	36	29	344	965	1	965	0	0
35	1	35	21	345	966	1	966	0	0
34	1	34	33	346	967	1	967	0	0
33	1	33	13	347	968	1	968	0	0
32	1	32	54	348	969	1	969	0	0
31	1	31	58	349	970	1	970	0	0
30	1	30	50	350	971	1	971	0	0
29	1	29	14	351	972	1	972	0	0
28	1	28	35	352	973	1	973	0	0
27	1	27	20	353	974	1	974	0	0
26	1	26	25	354	975	1	975	0	0
25	1	25	12	355	976	1	976	0	0
24	1	24	60	356	977	1	977	0	0
23	1	23	45	357	978	1	978	0	0
22	1	22	37	358	979	1	979	0	0
21	1	21	42	359	980	1	980	0	0
20	1	20	34	360	981	1	981	0	0
19	1	19	26	361	982	1	982	0	0
18	1	18	11	362	983	1	983	0	0
17	1	17	3	363	984	1	984	0	0
16	1	16	8	364	985	1	985	0	0
15	1	15	7	365	986	1	986	0	0
14	1	14	6	366	987	1	987	0	0
13	1	13	5	367	988	1	988	0	0
12	1	12	4	368	989	1	989	0	0
11	1	11	19	369	990	1	990	0	0
10	1	10	17	370	991	1	991	0	0
9	1	9	2	371	992	1	992	0	0
8	1	8	59	372	993	1	993	0	0
7	1	7	51	373	994	1	994	0	0
6	1	6	43	374	995	1	995	0	0
5	1	5	28	375	996	1	996	0	0
4	1	4	27	376	997	1	997	0	0
3	1	3	18	377	998	1	998	0	0
2	1	2	10	378	999	1	999	0	0
64	1	64	-1	379	1137	1	1137	0	0
63	1	63	56	380	1138	1	1138	0	0
62	1	62	48	381	1139	1	1139	0	0
61	1	61	40	382	1140	1	1140	0	0
60	1	60	32	383	1141	1	1141	0	0
59	1	59	53	384	1142	1	1142	0	0
58	1	58	57	385	1143	1	1143	0	0
57	1	57	46	386	1144	1	1144	0	0
56	1	56	64	387	1145	1	1145	0	0
55	1	55	62	388	1146	1	1146	0	0
54	1	54	47	389	1147	1	1147	0	0
53	1	53	39	390	1148	1	1148	0	0
52	1	52	31	391	1149	1	1149	0	0
51	1	51	23	392	1150	1	1150	0	0
50	1	50	49	393	1151	1	1151	0	0
49	1	49	15	394	1152	1	1152	0	0
48	1	48	63	395	1153	1	1153	0	0
47	1	47	61	396	1154	1	1154	0	0
46	1	46	16	397	1155	1	1155	0	0
45	1	45	38	398	1156	1	1156	0	0
44	1	44	30	399	1157	1	1157	0	0
43	1	43	22	400	1158	1	1158	0	0
42	1	42	41	401	1159	1	1159	0	0
41	1	41	36	402	1160	1	1160	0	0
40	1	40	55	403	1161	1	1161	0	0
39	1	39	24	404	1162	1	1162	0	0
38	1	38	52	405	1163	1	1163	0	0
37	1	37	44	406	1164	1	1164	0	0
36	1	36	29	407	1165	1	1165	0	0
35	1	35	21	408	1166	1	1166	0	0
34	1	34	33	409	1167	1	1167	0	0
33	1	33	13	410	1168	1	1168	0	0
32	1	32	54	411	1169	1	1169	0	0
31	1	31	58	412	1170	1	1170	0	0
30	1	30	50	413	1171	1	1171	0	0
29	1	29	14	414	1172	1	1172	0	0
28	1	28	35	415	1173	1	1173	0	0
27	1	27	20	416	1174	1	1174	0	0
26	1	26	25	417	1175	1	1175	0	0
25	1	25	12	418	1176	1	1176	0	0
24	1	24	60	419	1177	1	1177	0	0
23	1	23	45	420	1178	1	1178	0	0
22	1	22	37	421	1179	1	1179	0	0
21	1	21	42	422	1180	1	1180	0	0
20	1	20	34	423	1181	1	1181	0	0
19	1	19	26	424	1182	1	1182	0	0
18	1	18	11	425	1183	1	1183	0	0
17	1	17	3	426	1184	1	1184	0	0
16	1	16	8	427	1185	1	1185	0	0
15	1	15	7	428	1186	1	1186	0	0
14	1	14	6	429	1187	1	1187	0	0
13	1	13	5	430	1188	1	1188	0	0
12	1	12	4	431	1189	1	1189	0	0
11	1	11	19	432	1190	1	1190	0	0
10	1	10	17	433	1191	1	1191	0	0
9	1	9	2	434	1192	1	1192	0	0
8	1	8	59	435	1193	1	1193	0	0
7	1	7	51	436	1194	1	1194	0	0
6	1	6	43	437	1195	1	1195	0	0
5	1	5	28	438	1196	1	1196	0	0
4	1	4	27	439	1197	1	1197	0	0
3	1	3	18	440	1198	1	1198	0	0
2	1	2	10	441	1199	1	1199	0	0
64	1	64	-1	442	1337	1	1337	0	0
63	1	63	56	443	1338	1	1338	0	0
62	1	62	48	444	1339	1	1339	0	0
61	1	61	40	445	1340	1	1340	0	0
60	1	60	32	446	1341	1	1341	0	0
59	1	59	53	447	1342	1	1342	0	0
58	1	58	57	448	1343	1	1343	0	0
57	1	57	46	449	1344	1	1344	0	0
56	1	56	64	450	1345	1	1345	0	0
55	1	55	62	451	1346	1	1346	0	0
54	1	54	47	452	1347	1	1347	0	0
53	1	53	39	453	1348	1	1348	0	0
52	1	52	31	454	1349	1	1349	0	0
51	1	51	23	455	1350	1	1350	0	0
50	1	50	49	456	1351	1	1351	0	0
49	1	49	15	457	1352	1	1352	0	0
48	1	48	63	458	1353	1	1353	0	0
47	1	47	61	459	1354	1	1354	0	0
46	1	46	16	460	1355	1	1355	0	0
45	1	45	38	461	1356	1	1356	0	0
44	1	44	30	462	1357	1	1357	0	0
43	1	43	22	463	1358	1	1358	0	0
42	1	42	41	464	1359	1	1359	0	0
41	1	41	36	465	1360	1	1360	0	0
40	1	40	55	466	1361	1	1361	0	0
39	1	39	24	467	1362	1	1362	0	0
38	1	38	52	468	1363	1	1363	0	0
37	1	37	44	469	1364	1	1364	0	0
36	1	36	29	470	1365	1	1365	0	0
35	1	35	21	471	1366	1	1366	0	0
34	1	34	33	472	1367	1	1367	0	0
33	1	33	13	473	1368	1	1368	0	0
32	1	32	54	474	1369	1	1369	0	0
31	1	31	58	475	1370	1	1370	0	0
30	1	30	50	476	1371	1	1371	0	0
29	1	29	14	477	1372	1	1372	0	0
28	1	28	35	478	1373	1	1373	0	0
27	1	27	20	479	1374	1	1374	0	0
26	1	26	25	480	1375	1	1375	0	0
25	1	25	12	481	1376	1	1376	0	0
24	1	24	60	482	1377	1	1377	0	0
23	1	23	45	483	1378	1	1378	0	0
22	1	22	37	484	1379	1	1379	0	0
21	1	21	42	485	1380	1	1380	0	0
20	1	20	34	486	1381	1	1381	0	0
19	1	19	26	487	1382	1	1382	0	0
18	1	18	11	488	1383	1	1383	0	0
17	1	17	3	489	1384	1	1384	0	0
16	1	16	8	490	1385	1	1385	0	0
15	1	15	7	491	1386	1	1386	0	0
14	1	14	6	492	1387	1	1387	0	0
13	1	13	5	493	1388	1	1388	0	0
12	1	12	4	494	1389	1	1389	0	0
11	1	11	19	495	1390	1	1390	0	0
10	1	10	17	496	1391	1	1391	0	0
9	1	9	2	497	1392	1	1392	0	0
8	1	8	59	498	1393	1	1393	0	0
7	1	7	51	499	1394	1	1394	0	0
6	1	6	43	500	1395	1	1395	0	0
5	1	5	28	501	1396	1	1396	0	0
4	1	4	27	502	1397	1	1397	0	0
3	1	3	18	503	1398	1	1398	0	0
2	1	2	10	504	1399	1	1399	0	0
64	1	64	-1	505	1537	1	1537	0	0
63	1	63	56	506	1538	1	1538	0	0
62	1	62	48	507	1539	1	1539	0	0
61	1	61	40	508	1540	1	1540	0	0
60	1	60	32	509	1541	1	1541	0	0
59	1	59	53	510	1542	1	1542	0	0
58	1	58	57	511	1543	1	1543	0	0
57	1	57	46	512	1544	1	1544	0	0
56	1	56	64	513	1545	1	1545	0	0
55	1	55	62	514	1546	1	1546	0	0
54	1	54	47	515	1547	1	1547	0	0
53	1	53	39	516	1548	1	1548	0	0
52	1	52	31	517	1549	1	1549	0	0
51	1	51	23	518	1550	1	1550	0	0
50	1	50	49	519	1551	1	1551	0	0
49	1	49	15	520	1552	1	1552	0	0
48	1	48	63	521	1553	1	1553	0	0
47	1	47	61	522	1554	1	1554	0	0
46	1	46	16	523	1555	1	1555	0	0
45	1	45	38	524	1556	1	1556	0	0
44	1	44	30	525	1557	1	1557	0	0
43	1	43	22	526	1558	1	1558	0	0
42	1	42	41	527	1559	1	1559	0	0
41	1	41	36	528	1560	1	1560	0	0
40	1	40	55	529	1561	1	1561	0	0
39	1	39	24	530	1562	1	1562	0	0
38	1	38	52	531	1563	1	1563	0	0
37	1	37	44	532	1564	1	1564	0	0
36	1	36	29	533	1565	1	1565	0	0
35	1	35	21	534	1566	1	1566	0	0
34	1	34	33	535	1567	1	1567	0	0
33	1	33	13	536	1568	1	1568	0	0
32	1	32	54	537	1569	1	1569	0	0
31	1	31	58	538	1570	1	1570	0	0
30	1	30	50	539	1571	1	1571	0	0
29	1	29	14	540	1572	1	1572	0	0
28	1	28	35	541	1573	1	1573	0	0
27	1	27	20	542	1574	1	1574	0	0
26	1	26	25	543	1575	1	1575	0	0
25	1	25	12	544	1576	1	1576	0	0
24	1	24	60	545	1577	1	1577	0	0
23	1	23	45	546	1578	1	1578	0	0
22	1	22	37	547	1579	1	1579	0	0
21	1	21	42	548	1580	1	1580	0	0
20	1	20	34	549	1581	1	1581	0	0
19	1	19	26	550	1582	1	1582	0	0
18	1	18	11	551	1583	1	1583	0	0
17	1	17	3	552	1584	1	1584	0	0
16	1	16	8	553	1585	1	1585	0	0
15	1	15	7	554	1586	1	1586	0	0
14	1	14	6	555	1587	1	1587	0	0
13	1	13	5	556	1588	1	1588	0	0
12	1	12	4	557	1589	1	1589	0	0
11	1	11	19	558	1590	1	1590	0	0
10	1	10	17	559	1591	1	1591	0	0
9	1	9	2	560	1592	1	1592	0	0
8	1	8	59	561	1593	1	1593	0	0
7	1	7	51	562	1594	1	1594	0	0
6	1	6	43	563	1595	1	1595	0	0
5	1	5	28	564	1596	1	1596	0	0
4	1	4	27	565	1597	1	1597	0	0
3	1	3	18	566	1598	1	1598	0	0
2	1	2	10	567	1599	1	1599	0	0
64	1	64	-1	568	1737	1	1737	0	0
63	1	63	56	569	1738	1	1738	0	0
62	1	62	48	570	1739	1	1739	0	0
61	1	61	40	571	1740	1	1740	0	0
60	1	60	32	572	1741	1	1741	0	0
59	1	59	53	573	1742	1	1742	0	0
58	1	58	57	574	1743	1	1743	0	0
57	1	57	46	575	1744	1	1744	0	0
56	1	56	64	576	1745	1	1745	0	0
55	1	55	62	577	1746	1	1746	0	0
54	1	54	47	578	1747	1	1747	0	0
53	1	53	39	579	1748	1	1748	0	0
52	1	52	31	580	1749	1	1749	0	0
51	1	51	23	581	1750	1	1750	0	0
50	1	50	49	582	1751	1	1751	0	0
49	1	49	15	583	1752	1	1752	0	0
48	1	48	63	584	1753	1	1753	0	0
47	1	47	61	585	1754	1	1754	0	0
46	1	46	16	586	1755	1	1755	0	0
45	1	45	38	587	1756	1	1756	0	0
44	1	44	30	588	1757	1	1757	0	0
43	1	43	22	589	1758	1	1758	0	0
42	1	42	41	590	1759	1	1759	0	0
41	1	41	36	591	1760	1	1760	0	0
40	1	40	55	592	1761	1	1761	0	0
39	1	39	24	593	1762	1	1762	0	0
38	1	38	52	594	1763	1	1763	0	0
37	1	37	44	595	1764	1	1764	0	0
36	1	36	29	596	1765	1	1765	0	0
35	1	35	21	597	1766	1	1766	0	0
34	1	34	33	598	1767	1	1767	0	0
33	1	33	13	599	1768	1	1768	0	0
32	1	32	54	600	1769	1	1769	0	0
31	1	31	58	601	1770	1	1770	0	0
30	1	30	50	602	1771	1	1771	0	0
29	1	29	14	603	1772	1	1772	0	0
28	1	28	35	604	1773	1	1773	0	0
27	1	27	20	605	1774	1	1774	0	0
26	1	26	25	606	1775	1	1775	0	0
25	1	25	12	607	1776	1	1776	0	0
24	1	24	60	608	1777	1	1777	0	0
23	1	23	45	609	1778	1	1778	0	0
22	1	22	37	610	1779	1	1779	0	0
21	1	21	42	611	1780	1	1780	0	0
20	1	20	34	612	1781	1	1781	0	0
19	1	19	26	613	1782	1	1782	0	0
18	1	18	11	614	1783	1	1783	0	0
17	1	17	3	615	1784	1	1784	0	0
16	1	16	8	616	1785	1	1785	0	0
15	1	15	7	617	1786	1	1786	0	0
14	1	14	6	618	1787	1	1787	0	0
13	1	13	5	619	1788	1	1788	0	0
12	1	12	4	620	1789	1	1789	0	0
11	1	11	19	621	1790	1	1790	0	0
10	1	10	17	622	1791	1	1791	0	0
9	1	9	2	623	1792	1	1792	0	0
8	1	8	59	624	1793	1	1793	0	0
7	1	7	51	625	1794	1	1794	0	0
6	1	6	43	626	1795	1	1795	0	0
5	1	5	28	627	1796	1	1796	0	0
4	1	4	27	628	1797	1	1797	0	0
3	1	3	18	629	1798	1	1798	0	0
2	1	2	10	630	1799	1	1799	0	0
64	1	64	-1	631	1937	1	1937	0	0
63	1	63	56	632	1938	1	1938	0	0
62	1	62	48	633	1939	1	1939	0	0
61	1	61	40	634	1940	1	1940	0	0
60	1	60	32	635	1941	1	1941	0	0
59	1	59	53	636	1942	1	1942	0	0
58	1	58	57	637	1943	1	1943	0	0
57	1	57	46	638	1944	1	1944	0	0
56	1	56	64	639	1945	1	1945	0	0
55	1	55	62	640	1946	1	1946	0	0
54	1	54	47	641	1947	1	1947	0	0
53	1	53	39	642	1948	1	1948	0	0
52	1	52	31	643	1949	1	1949	0	0
51	1	51	23	644	1950	1	1950	0	0
50	1	50	49	645	1951	1	1951	0	0
49	1	49	15	646	1952	1	1952	0	0
48	1	48	63	647	1953	1	1953	0	0
47	1	47	61	648	1954	1	1954	0	0
46	1	46	16	649	1955	1	1955	0	0
45	1	45	38	650	1956	1	1956	0	0
44	1	44	30	651	1957	1	1957	0	0
43	1	43	22	652	1958	1	1958	0	0
42	1	42	41	653	1959	1	1959	0	0
41	1	41	36	654	1960	1	1960	0	0
40	1	40	55	655	1961	1	1961	0	0
39	1	39	24	656	1962	1	1962	0	0
38	1	38	52	657	1963	1	1963	0	0
37	1	37	44	658	1964	1	1964	0	0
36	1	36	29	659	1965	1	1965	0	0
35	1	35	21	660	1966	1	1966	0	0
34	1	34	33	661	1967	1	1967	0	0
33	1	33	13	662	1968	1	1968	0	0
32	1	32	54	663	1969	1	1969	0	0
31	1	31	58	664	1970	1	1970	0	0
30	1	30	50	665	1971	1	1971	0	0
29	1	29	14	666	1972	1	1972	0	0
28	1	28	35	667	1973	1	1973	0	0
27	1	27	20	668	1974	1	1974	0	0
26	1	26	25	669	1975	1	1975	0	0
25	1	25	12	670	1976	1	1976	0	0
24	1	24	60	671	1977	1	1977	0	0
23	1	23	45	672	1978	1	1978	0	0
22	1	22	37	673	1979	1	1979	0	0
21	1	21	42	674	1980	1	1980	0	0
20	1	20	34	675	1981	1	1981	0	0
19	1	19	26	676	1982	1	1982	0	0
18	1	18	11	677	1983	1	1983	0	0
17	1	17	3	678	1984	1	1984	0	0
16	1	16	8	679	1985	1	1985	0	0
15	1	15	7	680	1986	1	1986	0	0
14	1	14	6	681	1987	1	1987	0	0
13	1	13	5	682	1988	1	1988	0	0
12	1	12	4	683	1989	1	1989	0	0
11	1	11	19	684	1990	1	1990	0	0
10	1	10	17	685	1991	1	1991	0	0
9	1	9	2	686	1992	1	1992	0	0
8	1	8	59	687	1993	1	1993	0	0
7	1	7	51	688	1994	1	1994	0	0
6	1	6	43	689	1995	1	1995	0	0
5	1	5	28	690	1996	1	1996	0	0
4	1	4	27	691	1997	1	1997	0	0
3	1	3	18	692	1998	1	1998	0	0
2	1	2	10	693	1999	1	1999	0	0
1	-1	1	-1	694	2000	1	2000	0	0
2	-1	2	-1	695	2000	1	2000	0	0
3	-1	3	-1	696	2000	1	2000	0	0
4	-1	4	-1	697	2000	1	2000	0	0
5	-1	5	-1	698	2000	1	2000	0	0
6	-1	6	-1	699	2000	1	2000	0	0
7	-1	7	-1	700	2000	1	2000	0	0
8	-1	8	-1	701	2000	1	2000	0	0
9	-1	9	-1	702	2000	1	2000	0	0
10	-1	10	-1	703	2000	1	2000	0	0
11	-1	11	-1	704	2000	1	2000	0	0
12	-1	12	-1	705	2000	1	2000	0	0
13	-1	13	-1	706	2000	1	2000	0	0
14	-1	14	-1	707	2000	1	2000	0	0
15	-1	15	-1	708	2000	1	2000	0	0
16	-1	16	-1	709	2000	1	2000	0	0
17	-1	17	-1	710	2000	1	2000	0	0
18	-1	18	-1	711	2000	1	2000	0	0
19	-1	19	-1	712	2000	1	2000	0	0
20	-1	20	-1	713	2000	1	2000	0	0
21	-1	21	-1	714	2000	1	2000	0	0
22	-1	22	-1	715	2000	1	2000	0	0
23	-1	23	-1	716	2000	1	2000	0	0
24	-1	24	-1	717	2000	1	2000	0	0
25	-1	25	-1	718	2000	1	2000	0	0
26	-1	26	-1	719	2000	1	2000	0	0
27	-1	27	-1	720	2000	1	2000	0	0
28	-1	28	-1	721	2000	1	2000	0	0
29	-1	29	-1	722	2000	1	2000	0	0
30	-1	30	-1	723	2000	1	2000	0	0
31	-1	31	-1	724	2000	1	2000	0	0
32	-1	32	-1	725	2000	1	2000	0	0
33	-1	33	-1	726	2000	1	2000	0	0
34	-1	34	-1	727	2000	1	2000	0	0
35	-1	35	-1	728	2000	1	2000	0	0
36	-1	36	-1	729	2000	1	2000	0	0
37	-1	37	-1	730	2000	1	2000	0	0
38	-1	38	-1	731	2000	1	2000	0	0
39	-1	39	-1	732	2000	1	2000	0	0
40	-1	40	-1	733	2000	1	2000	0	0
41	-1	41	-1	734	2000	1	2000	0	0
42	-1	42	-1	735	2000	1	2000	0	0
43	-1	43	-1	736	2000	1	2000	0	0
44	-1	44	-1	737	2000	1	2000	0	0
45	-1	45	-1	738	2000	1	2000	0	0
46	-1	46	-1	739	2000	1	2000	0	0
47	-1	47	-1	740	2000	1	2000	0	0
48	-1	48	-1	741	2000	1	2000	0	0
49	-1	49	-1	742	2000	1	2000	0	0
50	-1	50	-1	743	2000	1	2000	0	0
51	-1	51	-1	744	2000	1	2000	0	0
52	-1	52	-1	745	2000	1	2000	0	0
53	-1	53	-1	746	2000	1	2000	0	0
54	-1	54	-1	747	2000	1	2000	0	0
55	-1	55	-1	748	2000	1	2000	0	0
56	-1	56	-1	749	2000	1	2000	0	0
57	-1	57	-1	750	2000	1	2000	0	0
58	-1	58	-1	751	2000	1	2000	0	0
59	-1	59	-1	752	2000	1	2000	0	0
60	-1	60	-1	753	2000	1	2000	0	0
61	-1	61	-1	754	2000	1	2000	0	0
62	-1	62	-1	755	2000	1	2000	0	0
63	-1	63	-1	756	2000	1	2000	0	0
64	-1	64	-1	757	2000	1	2000	0	0
2	-1	2	-1	695	2001	1	2000	2001	1
3	-1	3	-1	696	2001	1	2000	2001	1
9	-1	9	-1	702	2001	1	2000	2001	1
10	-1	10	-1	703	2001	1	2000	2001	1
17	-1	17	-1	710	2001	1	2000	2001	1
64	1	64	-1	758	2137	1	2137	0	0
63	1	63	56	759	2138	1	2138	0	0
62	1	62	48	760	2139	1	2139	0	0
61	1	61	40	761	2140	1	2140	0	0
60	1	60	32	762	2141	1	2141	0	0
59	1	59	53	763	2142	1	2142	0	0
58	1	58	57	764	2143	1	2143	0	0
57	1	57	46	765	2144	1	2144	0	0
56	1	56	64	766	2145	1	2145	0	0
55	1	55	62	767	2146	1	2146	0	0
54	1	54	47	768	2147	1	2147	0	0
53	1	53	39	769	2148	1	2148	0	0
52	1	52	31	770	2149	1	2149	0	0
51	1	51	23	771	2150	1	2150	0	0
50	1	50	49	772	2151	1	2151	0	0
49	1	49	15	773	2152	1	2152	0	0
48	1	48	63	774	2153	1	2153	0	0
47	1	47	61	775	2154	1	2154	0	0
46	1	46	16	776	2155	1	2155	0	0
45	1	45	38	777	2156	1	2156	0	0
44	1	44	30	778	2157	1	2157	0	0
43	1	43	22	779	2158	1	2158	0	0
42	1	42	41	780	2159	1	2159	0	0
41	1	41	36	781	2160	1	2160	0	0
40	1	40	55	782	2161	1	2161	0	0
39	1	39	24	783	2162	1	2162	0	0
38	1	38	52	784	2163	1	2163	0	0
37	1	37	44	785	2164	1	2164	0	0
36	1	36	29	786	2165	1	2165	0	0
35	1	35	21	787	2166	1	2166	0	0
34	1	34	33	788	2167	1	2167	0	0
33	1	33	13	789	2168	1	2168	0	0
32	1	32	54	790	2169	1	2169	0	0
31	1	31	58	791	2170	1	2170	0	0
30	1	30	50	792	2171	1	2171	0	0
29	1	29	14	793	2172	1	2172	0	0
28	1	28	35	794	2173	1	2173	0	0
27	1	27	20	795	2174	1	2174	0	0
26	1	26	25	796	2175	1	2175	0	0
25	1	25	12	797	2176	1	2176	0	0
24	1	24	60	798	2177	1	2177	0	0
23	1	23	45	799	2178	1	2178	0	0
22	1	22	37	800	2179	1	2179	0	0
21	1	21	42	801	2180	1	2180	0	0
20	1	20	34	802	2181	1	2181	0	0
19	1	19	26	803	2182	1	2182	0	0
18	1	18	11	804	2183	1	2183	0	0
17	1	17	3	805	2184	1	2184	0	0
16	1	16	8	806	2185	1	2185	0	0
15	1	15	7	807	2186	1	2186	0	0
14	1	14	6	808	2187	1	2187	0	0
13	1	13	5	809	2188	1	2188	0	0
12	1	12	4	810	2189	1	2189	0	0
11	1	11	19	811	2190	1	2190	0	0
10	1	10	17	812	2191	1	2191	0	0
9	1	9	2	813	2192	1	2192	0	0
8	1	8	59	814	2193	1	2193	0	0
7	1	7	51	815	2194	1	2194	0	0
6	1	6	43	816	2195	1	2195	0	0
5	1	5	28	817	2196	1	2196	0	0
4	1	4	27	818	2197	1	2197	0	0
3	1	3	18	819	2198	1	2198	0	0
2	1	2	10	820	2199	1	2199	0	0
64	1	64	-1	821	2337	1	2337	0	0
63	1	63	56	822	2338	1	2338	0	0
62	1	62	48	823	2339	1	2339	0	0
61	1	61	40	824	2340	1	2340	0	0
60	1	60	32	825	2341	1	2341	0	0
59	1	59	53	826	2342	1	2342	0	0
58	1	58	57	827	2343	1	2343	0	0
57	1	57	46	828	2344	1	2344	0	0
56	1	56	64	829	2345	1	2345	0	0
55	1	55	62	830	2346	1	2346	0	0
54	1	54	47	831	2347	1	2347	0	0
53	1	53	39	832	2348	1	2348	0	0
52	1	52	31	833	2349	1	2349	0	0
51	1	51	23	834	2350	1	2350	0	0
50	1	50	49	835	2351	1	2351	0	0
49	1	49	15	836	2352	1	2352	0	0
48	1	48	63	837	2353	1	2353	0	0
47	1	47	61	838	2354	1	2354	0	0
46	1	46	16	839	2355	1	2355	0	0
45	1	45	38	840	2356	1	2356	0	0
44	1	44	30	841	2357	1	2357	0	0
43	1	43	22	842	2358	1	2358	0	0
42	1	42	41	843	2359	1	2359	0	0
41	1	41	36	844	2360	1	2360	0	0
40	1	40	55	845	2361	1	2361	0	0
39	1	39	24	846	2362	1	2362	0	0
38	1	38	52	847	2363	1	2363	0	0
37	1	37	44	848	2364	1	2364	0	0
36	1	36	29	849	2365	1	2365	0	0
35	1	35	21	850	2366	1	2366	0	0
34	1	34	33	851	2367	1	2367	0	0
33	1	33	13	852	2368	1	2368	0	0
32	1	32	54	853	2369	1	2369	0	0
31	1	31	58	854	2370	1	2370	0	0
30	1	30	50	855	2371	1	2371	0	0
29	1	29	14	856	2372	1	2372	0	0
28	1	28	35	857	2373	1	2373	0	0
27	1	27	20	858	2374	1	2374	0	0
26	1	26	25	859	2375	1	2375	0	0
25	1	25	12	860	2376	1	2376	0	0
24	1	24	60	861	2377	1	2377	0	0
23	1	23	45	862	2378	1	2378	0	0
22	1	22	37	863	2379	1	2379	0	0
21	1	21	42	864	2380	1	2380	0	0
20	1	20	34	865	2381	1	2381	0	0
19	1	19	26	866	2382	1	2382	0	0
18	1	18	11	867	2383	1	2383	0	0
17	1	17	3	868	2384	1	2384	0	0
16	1	16	8	869	2385	1	2385	0	0
15	1	15	7	870	2386	1	2386	0	0
14	1	14	6	871	2387	1	2387	0	0
13	1	13	5	872	2388	1	2388	0	0
12	1	12	4	873	2389	1	2389	0	0
11	1	11	19	874	2390	1	2390	0	0
10	1	10	17	875	2391	1	2391	0	0
9	1	9	2	876	2392	1	2392	0	0
8	1	8	59	877	2393	1	2393	0	0
7	1	7	51	878	2394	1	2394	0	0
6	1	6	43	879	2395	1	2395	0	0
5	1	5	28	880	2396	1	2396	0	0
4	1	4	27	881	2397	1	2397	0	0
3	1	3	18	882	2398	1	2398	0	0
2	1	2	10	883	2399	1	2399	0	0
64	1	64	-1	884	2537	1	2537	0	0
63	1	63	56	885	2538	1	2538	0	0
62	1	62	48	886	2539	1	2539	0	0
61	1	61	40	887	2540	1	2540	0	0
60	1	60	32	888	2541	1	2541	0	0
59	1	59	53	889	2542	1	2542	0	0
58	1	58	57	890	2543	1	2543	0	0
57	1	57	46	891	2544	1	2544	0	0
56	1	56	64	892	2545	1	2545	0	0
55	1	55	62	893	2546	1	2546	0	0
54	1	54	47	894	2547	1	2547	0	0
53	1	53	39	895	2548	1	2548	0	0
52	1	52	31	896	2549	1	2549	0	0
51	1	51	23	897	2550	1	2550	0	0
50	1	50	49	898	2551	1	2551	0	0
49	1	49	15	899	2552	1	2552	0	0
48	1	48	63	900	2553	1	2553	0	0
47	1	47	61	901	2554	1	2554	0	0
46	1	46	16	902	2555	1	2555	0	0
45	1	45	38	903	2556	1	2556	0	0
44	1	44	30	904	2557	1	2557	0	0
43	1	43	22	905	2558	1	2558	0	0
42	1	42	41	906	2559	1	2559	0	0
41	1	41	36	907	2560	1	2560	0	0
40	1	40	55	908	2561	1	2561	0	0
39	1	39	24	909	2562	1	2562	0	0
38	1	38	52	910	2563	1	2563	0	0
37	1	37	44	911	2564	1	2564	0	0
36	1	36	29	912	2565	1	2565	0	0
35	1	35	21	913	2566	1	2566	0	0
34	1	34	33	914	2567	1	2567	0	0
33	1	33	13	915	2568	1	2568	0	0
32	1	32	54	916	2569	1	2569	0	0
31	1	31	58	917	2570	1	2570	0	0
30	1	30	50	918	2571	1	2571	0	0
29	1	29	14	919	2572	1	2572	0	0
28	1	28	35	920	2573	1	2573	0	0
27	1	27	20	921	2574	1	2574	0	0
26	1	26	25	922	2575	1	2575	0	0
25	1	25	12	923	2576	1	2576	0	0
24	1	24	60	924	2577	1	2577	0	0
23	1	23	45	925	2578	1	2578	0	0
22	1	22	37	926	2579	1	2579	0	0
21	1	21	42	927	2580	1	2580	0	0
20	1	20	34	928	2581	1	2581	0	0
19	1	19	26	929	2582	1	2582	0	0
18	1	18	11	930	2583	1	2583	0	0
17	1	17	3	931	2584	1	2584	0	0
16	1	16	8	932	2585	1	2585	0	0
15	1	15	7	933	2586	1	2586	0	0
14	1	14	6	934	2587	1	2587	0	0
13	1	13	5	935	2588	1	2588	0	0
12	1	12	4	936	2589	1	2589	0	0
11	1	11	19	937	2590	1	2590	0	0
10	1	10	17	938	2591	1	2591	0	0
9	1	9	2	939	2592	1	2592	0	0
8	1	8	59	940	2593	1	2593	0	0
7	1	7	51	941	2594	1	2594	0	0
6	1	6	43	942	2595	1	2595	0	0
5	1	5	28	943	2596	1	2596	0	0
4	1	4	27	944	2597	1	2597	0	0
3	1	3	18	945	2598	1	2598	0	0
2	1	2	10	946	2599	1	2599	0	0
64	1	64	-1	947	2737	1	2737	0	0
63	1	63	56	948	2738	1	2738	0	0
62	1	62	48	949	2739	1	2739	0	0
61	1	61	40	950	2740	1	2740	0	0
60	1	60	32	951	2741	1	2741	0	0
59	1	59	53	952	2742	1	2742	0	0
58	1	58	57	953	2743	1	2743	0	0
57	1	57	46	954	2744	1	2744	0	0
56	1	56	64	955	2745	1	2745	0	0
55	1	55	62	956	2746	1	2746	0	0
54	1	54	47	957	2747	1	2747	0	0
53	1	53	39	958	2748	1	2748	0	0
52	1	52	31	959	2749	1	2749	0	0
51	1	51	23	960	2750	1	2750	0	0
50	1	50	49	961	2751	1	2751	0	0
49	1	49	15	962	2752	1	2752	0	0
48	1	48	63	963	2753	1	2753	0	0
47	1	47	61	964	2754	1	2754	0	0
46	1	46	16	965	2755	1	2755	0	0
45	1	45	38	966	2756	1	2756	0	0
44	1	44	30	967	2757	1	2757	0	0
43	1	43	22	968	2758	1	2758	0	0
42	1	42	41	969	2759	1	2759	0	0
41	1	41	36	970	2760	1	2760	0	0
40	1	40	55	971	2761	1	2761	0	0
39	1	39	24	972	2762	1	2762	0	0
38	1	38	52	973	2763	1	2763	0	0
37	1	37	44	974	2764	1	2764	0	0
36	1	36	29	975	2765	1	2765	0	0
35	1	35	21	976	2766	1	2766	0	0
34	1	34	33	977	2767	1	2767	0	0
33	1	33	13	978	2768	1	2768	0	0
32	1	32	54	979	2769	1	2769	0	0
31	1	31	58	980	2770	1	2770	0	0
30	1	30	50	981	2771	1	2771	0	0
29	1	29	14	982	2772	1	2772	0	0
28	1	28	35	983	2773	1	2773	0	0
27	1	27	20	984	2774	1	2774	0	0
26	1	26	25	985	2775	1	2775	0	0
25	1	25	12	986	2776	1	2776	0	0
24	1	24	60	987	2777	1	2777	0	0
23	1	23	45	988	2778	1	2778	0	0
22	1	22	37	989	2779	1	2779	0	0
21	1	21	42	990	2780	1	2780	0	0
20	1	20	34	991	2781	1	2781	0	0
19	1	19	26	992	2782	1	2782	0	0
18	1	18	11	993	2783	1	2783	0	0
17	1	17	3	994	2784	1	2784	0	0
16	1	16	8	995	2785	1	2785	0	0
15	1	15	7	996	2786	1	2786	0	0
14	1	14	6	997	2787	1	2787	0	0
13	1	13	5	998	2788	1	2788	0	0
12	1	12	4	999	2789	1	2789	0	0
11	1	11	19	1000	2790	1	2790	0	0
10	1	10	17	1001	2791	1	2791	0	0
9	1	9	2	1002	2792	1	2792	0	0
8	1	8	59	1003	2793	1	2793	0	0
7	1	7	51	1004	2794	1	2794	0	0
6	1	6	43	1005	2795	1	2795	0	0
5	1	5	28	1006	2796	1	2796	0	0
4	1	4	27	1007	2797	1	2797	0	0
3	1	3	18	1008	2798	1	2798	0	0
2	1	2	10	1009	2799	1	2799	0	0
64	1	64	-1	1010	2937	1	2937	0	0
63	1	63	56	1011	2938	1	2938	0	0
62	1	62	48	1012	2939	1	2939	0	0
61	1	61	40	1013	2940	1	2940	0	0
60	1	60	32	1014	2941	1	2941	0	0
59	1	59	53	1015	2942	1	2942	0	0
58	1	58	57	1016	2943	1	2943	0	0
57	1	57	46	1017	2944	1	2944	0	0
56	1	56	64	1018	2945	1	2945	0	0
55	1	55	62	1019	2946	1	2946	0	0
54	1	54	47	1020	2947	1	2947	0	0
53	1	53	39	1021	2948	1	2948	0	0
52	1	52	31	1022	2949	1	2949	0	0
51	1	51	23	1023	2950	1	2950	0	0
50	1	50	49	1024	2951	1	2951	0	0
49	1	49	15	1025	2952	1	2952	0	0
48	1	48	63	1026	2953	1	2953	0	0
47	1	47	61	1027	2954	1	2954	0	0
46	1	46	16	1028	2955	1	2955	0	0
45	1	45	38	1029	2956	1	2956	0	0
44	1	44	30	1030	2957	1	2957	0	0
43	1	43	22	1031	2958	1	2958	0	0
42	1	42	41	1032	2959	1	2959	0	0
41	1	41	36	1033	2960	1	2960	0	0
40	1	40	55	1034	2961	1	2961	0	0
39	1	39	24	1035	2962	1	2962	0	0
38	1	38	52	1036	2963	1	2963	0	0
37	1	37	44	1037	2964	1	2964	0	0
36	1	36	29	1038	2965	1	2965	0	0
35	1	35	21	1039	2966	1	2966	0	0
34	1	34	33	1040	2967	1	2967	0	0
33	1	33	13	1041	2968	1	2968	0	0
32	1	32	54	1042	2969	1	2969	0	0
31	1	31	58	1043	2970	1	2970	0	0
30	1	30	50	1044	2971	1	2971	0	0
29	1	29	14	1045	2972	1	2972	0	0
28	1	28	35	1046	2973	1	2973	0	0
27	1	27	20	1047	2974	1	2974	0	0
26	1	26	25	1048	2975	1	2975	0	0
25	1	25	12	1049	2976	1	2976	0	0
24	1	24	60	1050	2977	1	2977	0	0
23	1	23	45	1051	2978	1	2978	0	0
22	1	22	37	1052	2979	1	2979	0	0
21	1	21	42	1053	2980	1	2980	0	0
20	1	20	34	1054	2981	1	2981	0	0
19	1	19	26	1055	2982	1	2982	0	0
18	1	18	11	1056	2983	1	2983	0	0
17	1	17	3	1057	2984	1	2984	0	0
16	1	16	8	1058	2985	1	2985	0	0
15	1	15	7	1059	2986	1	2986	0	0
14	1	14	6	1060	2987	1	2987	0	0
13	1	13	5	1061	2988	1	2988	0	0
12	1	12	4	1062	2989	1	2989	0	0
11	1	11	19	1063	2990	1	2990	0	0
10	1	10	17	1064	2991	1	2991	0	0
9	1	9	2	1065	2992	1	2992	0	0
8	1	8	59	1066	2993	1	2993	0	0
7	1	7	51	1067	2994	1	2994	0	0
6	1	6	43	1068	2995	1	2995	0	0
5	1	5	28	1069	2996	1	2996	0	0
4	1	4	27	1070	2997	1	2997	0	0
3	1	3	18	1071	2998	1	2998	0	0
2	1	2	10	1072	2999	1	2999	0	0
64	1	64	-1	1073	3137	1	3137	0	0
63	1	63	56	1074	3138	1	3138	0	0
62	1	62	48	1075	3139	1	3139	0	0
61	1	61	40	1076	3140	1	3140	0	0
60	1	60	32	1077	3141	1	3141	0	0
59	1	59	53	1078	3142	1	3142	0	0
58	1	58	57	1079	3143	1	3143	0	0
57	1	57	46	1080	3144	1	3144	0	0
56	1	56	64	1081	3145	1	3145	0	0
55	1	55	62	1082	3146	1	3146	0	0
54	1	54	47	1083	3147	1	3147	0	0
53	1	53	39	1084	3148	1	3148	0	0
52	1	52	31	1085	3149	1	3149	0	0
51	1	51	23	1086	3150	1	3150	0	0
50	1	50	49	1087	3151	1	3151	0	0
49	1	49	15	1088	3152	1	3152	0	0
48	1	48	63	1089	3153	1	3153	0	0
47	1	47	61	1090	3154	1	3154	0	0
46	1	46	16	1091	3155	1	3155	0	0
45	1	45	38	1092	3156	1	3156	0	0
44	1	44	30	1093	3157	1	3157	0	0
43	1	43	22	1094	3158	1	3158	0	0
42	1	42	41	1095	3159	1	3159	0	0
41	1	41	36	1096	3160	1	3160	0	0
40	1	40	55	1097	3161	1	3161	0	0
39	1	39	24	1098	3162	1	3162	0	0
38	1	38	52	1099	3163	1	3163	0	0
37	1	37	44	1100	3164	1	3164	0	0
36	1	36	29	1101	3165	1	3165	0	0
35	1	35	21	1102	3166	1	3166	0	0
34	1	34	33	1103	3167	1	3167	0	0
33	1	33	13	1104	3168	1	3168	0	0
32	1	32	54	1105	3169	1	3169	0	0
31	1	31	58	1106	3170	1	3170	0	0
30	1	30	50	1107	3171	1	3171	0	0
29	1	29	14	1108	3172	1	3172	0	0
28	1	28	35	1109	3173	1	3173	0	0
27	1	27	20	1110	3174	1	3174	0	0
26	1	26	25	1111	3175	1	3175	0	0
25	1	25	12	1112	3176	1	3176	0	0
24	1	24	60	1113	3177	1	3177	0	0
23	1	23	45	1114	3178	1	3178	0	0
22	1	22	37	1115	3179	1	3179	0	0
21	1	21	42	1116	3180	1	3180	0	0
20	1	20	34	1117	3181	1	3181	0	0
19	1	19	26	1118	3182	1	3182	0	0
18	1	18	11	1119	3183	1	3183	0	0
17	1	17	3	1120	3184	1	3184	0	0
16	1	16	8	1121	3185	1	3185	0	0
15	1	15	7	1122	3186	1	3186	0	0
14	1	14	6	1123	3187	1	3187	0	0
13	1	13	5	1124	3188	1	3188	0	0
12	1	12	4	1125	3189	1	3189	0	0
11	1	11	19	1126	3190	1	3190	0	0
10	1	10	17	1127	3191	1	3191	0	0
9	1	9	2	1128	3192	1	3192	0	0
8	1	8	59	1129	3193	1	3193	0	0
7	1	7	51	1130	3194	1	3194	0	0
6	1	6	43	1131	3195	1	3195	0	0
5	1	5	28	1132	3196	1	3196	0	0
4	1	4	27	1133	3197	1	3197	0	0
3	1	3	18	1134	3198	1	3198	0	0
2	1	2	10	1135	3199	1	3199	0	0
64	1	64	-1	1136	3337	1	3337	0	0
63	1	63	56	1137	3338	1	3338	0	0
62	1	62	48	1138	3339	1	3339	0	0
61	1	61	40	1139	3340	1	3340	0	0
60	1	60	32	1140	3341	1	3341	0	0
59	1	59	53	1141	3342	1	3342	0	0
58	1	58	57	1142	3343	1	3343	0	0
57	1	57	46	1143	3344	1	3344	0	0
56	1	56	64	1144	3345	1	3345	0	0
55	1	55	62	1145	3346	1	3346	0	0
54	1	54	47	1146	3347	1	3347	0	0
53	1	53	39	1147	3348	1	3348	0	0
52	1	52	31	1148	3349	1	3349	0	0
51	1	51	23	1149	3350	1	3350	0	0
50	1	50	49	1150	3351	1	3351	0	0
49	1	49	15	1151	3352	1	3352	0	0
48	1	48	63	1152	3353	1	3353	0	0
47	1	47	61	1153	3354	1	3354	0	0
46	1	46	16	1154	3355	1	3355	0	0
45	1	45	38	1155	3356	1	3356	0	0
44	1	44	30	1156	3357	1	3357	0	0
43	1	43	22	1157	3358	1	3358	0	0
42	1	42	41	1158	3359	1	3359	0	0
41	1	41	36	1159	3360	1	3360	0	0
40	1	40	55	1160	3361	1	3361	0	0
39	1	39	24	1161	3362	1	3362	0	0
38	1	38	52	1162	3363	1	3363	0	0
37	1	37	44	1163	3364	1	3364	0	0
36	1	36	29	1164	3365	1	3365	0	0
35	1	35	21	1165	3366	1	3366	0	0
34	1	34	33	1166	3367	1	3367	0	0
33	1	33	13	1167	3368	1	3368	0	0
32	1	32	54	1168	3369	1	3369	0	0
31	1	31	58	1169	3370	1	3370	0	0
30	1	30	50	1170	3371	1	3371	0	0
29	1	29	14	1171	3372	1	3372	0	0
28	1	28	35	1172	3373	1	3373	0	0
27	1	27	20	1173	3374	1	3374	0	0
26	1	26	25	1174	3375	1	3375	0	0
25	1	25	12	1175	3376	1	3376	0	0
24	1	24	60	1176	3377	1	3377	0	0
23	1	23	45	1177	3378	1	3378	0	0
22	1	22	37	1178	3379	1	3379	0	0
21	1	21	42	1179	3380	1	3380	0	0
20	1	20	34	1180	3381	1	3381	0	0
19	1	19	26	1181	3382	1	3382	0	0
18	1	18	11	1182	3383	1	3383	0	0
17	1	17	3	1183	3384	1	3384	0	0
16	1	16	8	1184	3385	1	3385	0	0
15	1	15	7	1185	3386	1	3386	0	0
14	1	14	6	1186	3387	1	3387	0	0
13	1	13	5	1187	3388	1	3388	0	0
12	1	12	4	1188	3389	1	3389	0	0
11	1	11	19	1189	3390	1	3390	0	0
10	1	10	17	1190	3391	1	3391	0	0
9	1	9	2	1191	3392	1	3392	0	0
8	1	8	59	1192	3393	1	3393	0	0
7	1	7	51	1193	3394	1	3394	0	0
6	1	6	43	1194	3395	1	3395	0	0
5	1	5	28	1195	3396	1	3396	0	0
4	1	4	27	1196	3397	1	3397	0	0
3	1	3	18	1197	3398	1	3398	0	0
2	1	2	10	1198	3399	1	3399	0	0
64	1	64	-1	1199	3537	1	3537	0	0
63	1	63	56	1200	3538	1	3538	0	0
62	1	62	48	1201	3539	1	3539	0	0
61	1	61	40	1202	3540	1	3540	0	0
60	1	60	32	1203	3541	1	3541	0	0
59	1	59	53	1204	3542	1	3542	0	0
58	1	58	57	1205	3543	1	3543	0	0
57	1	57	46	1206	3544	1	3544	0	0
56	1	56	64	1207	3545	1	3545	0	0
55	1	55	62	1208	3546	1	3546	0	0
54	1	54	47	1209	3547	1	3547	0	0
53	1	53	39	1210	3548	1	3548	0	0
52	1	52	31	1211	3549	1	3549	0	0
51	1	51	23	1212	3550	1	3550	0	0
50	1	50	49	1213	3551	1	3551	0	0
49	1	49	15	1214	3552	1	3552	0	0
48	1	48	63	1215	3553	1	3553	0	0
47	1	47	61	1216	3554	1	3554	0	0
46	1	46	16	1217	3555	1	3555	0	0
45	1	45	38	1218	3556	1	3556	0	0
44	1	44	30	1219	3557	1	3557	0	0
43	1	43	22	1220	3558	1	3558	0	0
42	1	42	41	1221	3559	1	3559	0	0
41	1	41	36	1222	3560	1	3560	0	0
40	1	40	55	1223	3561	1	3561	0	0
39	1	39	24	1224	3562	1	3562	0	0
38	1	38	52	1225	3563	1	3563	0	0
37	1	37	44	1226	3564	1	3564	0	0
36	1	36	29	1227	3565	1	3565	0	0
35	1	35	21	1228	3566	1	3566	0	0
34	1	34	33	1229	3567	1	3567	0	0
33	1	33	13	1230	3568	1	3568	0	0
32	1	32	54	1231	3569	1	3569	0	0
31	1	31	58	1232	3570	1	3570	0	0
30	1	30	50	1233	3571	1	3571	0	0
29	1	29	14	1234	3572	1	3572	0	0
28	1	28	35	1235	3573	1	3573	0	0
27	1	27	20	1236	3574	1	3574	0	0
26	1	26	25	1237	3575	1	3575	0	0
25	1	25	12	1238	3576	1	3576	0	0
24	1	24	60	1239	3577	1	3577	0	0
23	1	23	45	1240	3578	1	3578	0	0
22	1	22	37	1241	3579	1	3579	0	0
21	1	21	42	1242	3580	1	3580	0	0
20	1	20	34	1243	3581	1	3581	0	0
19	1	19	26	1244	3582	1	3582	0	0
18	1	18	11	1245	3583	1	3583	0	0
17	1	17	3	1246	3584	1	3584	0	0
16	1	16	8	1247	3585	1	3585	0	0
15	1	15	7	1248	3586	1	3586	0	0
14	1	14	6	1249	3587	1	3587	0	0
13	1	13	5	1250	3588	1	3588	0	0
12	1	12	4	1251	3589	1	3589	0	0
11	1	11	19	1252	3590	1	3590	0	0
10	1	10	17	1253	3591	1	3591	0	0
9	1	9	2	1254	3592	1	3592	0	0
8	1	8	59	1255	3593	1	3593	0	0
7	1	7	51	1256	3594	1	3594	0	0
6	1	6	43	1257	3595	1	3595	0	0
5	1	5	28	1258	3596	1	3596	0	0
4	1	4	27	1259	3597	1	3597	0	0
3	1	3	18	1260	3598	1	3598	0	0
2	1	2	10	1261	3599	1	3599	0	0
64	1	64	-1	1262	3737	1	3737	0	0
63	1	63	56	1263	3738	1	3738	0	0
62	1	62	48	1264	3739	1	3739	0	0
61	1	61	40	1265	3740	1	3740	0	0
60	1	60	32	1266	3741	1	3741	0	0
59	1	59	53	1267	3742	1	3742	0	0
58	1	58	57	1268	3743	1	3743	0	0
57	1	57	46	1269	3744	1	3744	0	0
56	1	56	64	1270	3745	1	3745	0	0
55	1	55	62	1271	3746	1	3746	0	0
54	1	54	47	1272	3747	1	3747	0	0
53	1	53	39	1273	3748	1	3748	0	0
52	1	52	31	1274	3749	1	3749	0	0
51	1	51	23	1275	3750	1	3750	0	0
50	1	50	49	1276	3751	1	3751	0	0
49	1	49	15	1277	3752	1	3752	0	0
48	1	48	63	1278	3753	1	3753	0	0
47	1	47	61	1279	3754	1	3754	0	0
46	1	46	16	1280	3755	1	3755	0	0
45	1	45	38	1281	3756	1	3756	0	0
44	1	44	30	1282	3757	1	3757	0	0
43	1	43	22	1283	3758	1	3758	0	0
42	1	42	41	1284	3759	1	3759	0	0
41	1	41	36	1285	3760	1	3760	0	0
40	1	40	55	1286	3761	1	3761	0	0
39	1	39	24	1287	3762	1	3762	0	0
38	1	38	52	1288	3763	1	3763	0	0
37	1	37	44	1289	3764	1	3764	0	0
36	1	36	29	1290	3765	1	3765	0	0
35	1	35	21	1291	3766	1	3766	0	0
34	1	34	33	1292	3767	1	3767	0	0
33	1	33	13	1293	3768	1	3768	0	0
32	1	32	54	1294	3769	1	3769	0	0
31	1	31	58	1295	3770	1	3770	0	0
30	1	30	50	1296	3771	1	3771	0	0
29	1	29	14	1297	3772	1	3772	0	0
28	1	28	35	1298	3773	1	3773	0	0
27	1	27	20	1299	3774	1	3774	0	0
26	1	26	25	1300	3775	1	3775	0	0
25	1	25	12	1301	3776	1	3776	0	0
24	1	24	60	1302	3777	1	3777	0	0
23	1	23	45	1303	3778	1	3778	0	0
22	1	22	37	1304	3779	1	3779	0	0
21	1	21	42	1305	3780	1	3780	0	0
20	1	20	34	1306	3781	1	3781	0	0
19	1	19	26	1307	3782	1	3782	0	0
18	1	18	11	1308	3783	1	3783	0	0
17	1	17	3	1309	3784	1	3784	0	0
16	1	16	8	1310	3785	1	3785	0	0
15	1	15	7	1311	3786	1	3786	0	0
14	1	14	6	1312	3787	1	3787	0	0
13	1	13	5	1313	3788	1	3788	0	0
12	1	12	4	1314	3789	1	3789	0	0
11	1	11	19	1315	3790	1	3790	0	0
10	1	10	17	1316	3791	1	3791	0	0
9	1	9	2	1317	3792	1	3792	0	0
8	1	8	59	1318	3793	1	3793	0	0
7	1	7	51	1319	3794	1	3794	0	0
6	1	6	43	1320	3795	1	3795	0	0
5	1	5	28	1321	3796	1	3796	0	0
4	1	4	27	1322	3797	1	3797	0	0
3	1	3	18	1323	3798	1	3798	0	0
2	1	2	10	1324	3799	1	3799	0	0
64	1	64	-1	1325	3937	1	3937	0	0
63	1	63	56	1326	3938	1	3938	0	0
62	1	62	48	1327	3939	1	3939	0	0
61	1	61	40	1328	3940	1	3940	0	0
60	1	60	32	1329	3941	1	3941	0	0
59	1	59	53	1330	3942	1	3942	0	0
58	1	58	57	1331	3943	1	3943	0	0
57	1	57	46	1332	3944	1	3944	0	0
56	1	56	64	1333	3945	1	3945	0	0
55	1	55	62	1334	3946	1	3946	0	0
54	1	54	47	1335	3947	1	3947	0	0
53	1	53	39	1336	3948	1	3948	0	0
52	1	52	31	1337	3949	1	3949	0	0
51	1	51	23	1338	3950	1	3950	0	0
50	1	50	49	1339	3951	1	3951	0	0
49	1	49	15	1340	3952	1	3952	0	0
48	1	48	63	1341	3953	1	3953	0	0
47	1	47	61	1342	3954	1	3954	0	0
46	1	46	16	1343	3955	1	3955	0	0
45	1	45	38	1344	3956	1	3956	0	0
44	1	44	30	1345	3957	1	3957	0	0
43	1	43	22	1346	3958	1	3958	0	0
42	1	42	41	1347	3959	1	3959	0	0
41	1	41	36	1348	3960	1	3960	0	0
40	1	40	55	1349	3961	1	3961	0	0
39	1	39	24	1350	3962	1	3962	0	0
38	1	38	52	1351	3963	1	3963	0	0
37	1	37	44	1352	3964	1	3964	0	0
36	1	36	29	1353	3965	1	3965	0	0
35	1	35	21	1354	3966	1	3966	0	0
34	1	34	33	1355	3967	1	3967	0	0
33	1	33	13	1356	3968	1	3968	0	0
32	1	32	54	1357	3969	1	3969	0	0
31	1	31	58	1358	3970	1	3970	0	0
30	1	30	50	1359	3971	1	3971	0	0
29	1	29	14	1360	3972	1	3972	0	0
28	1	28	35	1361	3973	1	3973	0	0
27	1	27	20	1362	3974	1	3974	0	0
26	1	26	25	1363	3975	1	3975	0	0
25	1	25	12	1364	3976	1	3976	0	0
24	1	24	60	1365	3977	1	3977	0	0
23	1	23	45	1366	3978	1	3978	0	0
22	1	22	37	1367	3979	1	3979	0	0
21	1	21	42	1368	3980	1	3980	0	0
20	1	20	34	1369	3981	1	3981	0	0
19	1	19	26	1370	3982	1	3982	0	0
18	1	18	11	1371	3983	1	3983	0	0
17	1	17	3	1372	3984	1	3984	0	0
16	1	16	8	1373	3985	1	3985	0	0
15	1	15	7	1374	3986	1	3986	0	0
14	1	14	6	1375	3987	1	3987	0	0
13	1	13	5	1376	3988	1	3988	0	0
12	1	12	4	1377	3989	1	3989	0	0
11	1	11	19	1378	3990	1	3990	0	0
10	1	10	17	1379	3991	1	3991	0	0
9	1	9	2	1380	3992	1	3992	0	0
8	1	8	59	1381	3993	1	3993	0	0
7	1	7	51	1382	3994	1	3994	0	0
6	1	6	43	1383	3995	1	3995	0	0
5	1	5	28	1384	3996	1	3996	0	0
4	1	4	27	1385	3997	1	3997	0	0
3	1	3	18	1386	3998	1	3998	0	0
2	1	2	10	1387	3999	1	3999	0	0
1	-1	1	-1	1388	4000	1	4000	0	0
2	-1	2	-1	1389	4000	1	4000	0	0
3	-1	3	-1	1390	4000	1	4000	0	0
4	-1	4	-1	1391	4000	1	4000	0	0
5	-1	5	-1	1392	4000	1	4000	0	0
6	-1	6	-1	1393	4000	1	4000	0	0
7	-1	7	-1	1394	4000	1	4000	0	0
8	-1	8	-1	1395	4000	1	4000	0	0
9	-1	9	-1	1396	4000	1	4000	0	0
10	-1	10	-1	1397	4000	1	4000	0	0
11	-1	11	-1	1398	4000	1	4000	0	0
12	-1	12	-1	1399	4000	1	4000	0	0
13	-1	13	-1	1400	4000	1	4000	0	0
14	-1	14	-1	1401	4000	1	4000	0	0
15	-1	15	-1	1402	4000	1	4000	0	0
16	-1	16	-1	1403	4000	1	4000	0	0
17	-1	17	-1	1404	4000	1	4000	0	0
18	-1	18	-1	1405	4000	1	4000	0	0
19	-1	19	-1	1406	4000	1	4000	0	0
20	-1	20	-1	1407	4000	1	4000	0	0
21	-1	21	-1	1408	4000	1	4000	0	0
22	-1	22	-1	1409	4000	1	4000	0	0
23	-1	23	-1	1410	4000	1	4000	0	0
24	-1	24	-1	1411	4000	1	4000	0	0
25	-1	25	-1	1412	4000	1	4000	0	0
26	-1	26	-1	1413	4000	1	4000	0	0
27	-1	27	-1	1414	4000	1	4000	0	0
28	-1	28	-1	1415	4000	1	4000	0	0
29	-1	29	-1	1416	4000	1	4000	0	0
30	-1	30	-1	1417	4000	1	4000	0	0
31	-1	31	-1	1418	4000	1	4000	0	0
32	-1	32	-1	1419	4000	1	4000	0	0
33	-1	33	-1	1420	4000	1	4000	0	0
34	-1	34	-1	1421	4000	1	4000	0	0
35	-1	35	-1	1422	4000	1	4000	0	0
36	-1	36	-1	1423	4000	1	4000	0	0
37	-1	37	-1	1424	4000	1	4000	0	0
38	-1	38	-1	1425	4000	1	4000	0	0
39	-1	39	-1	1426	4000	1	4000	0	0
40	-1	40	-1	1427	4000	1	4000	0	0
41	-1	41	-1	1428	4000	1	4000	0	0
42	-1	42	-1	1429	4000	1	4000	0	0
43	-1	43	-1	1430	4000	1	4000	0	0
44	-1	44	-1	1431	4000	1	4000	0	0
45	-1	45	-1	1432	4000	1	4000	0	0
46	-1	46	-1	1433	4000	1	4000	0	0
47	-1	47	-1	1434	4000	1	4000	0	0
48	-1	48	-1	1435	4000	1	4000	0	0
49	-1	49	-1	1436	4000	1	4000	0	0
50	-1	50	-1	1437	4000	1	4000	0	0
51	-1	51	-1	1438	4000	1	4000	0	0
52	-1	52	-1	1439	4000	1	4000	0	0
53	-1	53	-1	1440	4000	1	4000	0	0
54	-1	54	-1	1441	4000	1	4000	0	0
55	-1	55	-1	1442	4000	1	4000	0	0
56	-1	56	-1	1443	4000	1	4000	0	0
57	-1	57	-1	1444	4000	1	4000	0	0
58	-1	58	-1	1445	4000	1	4000	0	0
59	-1	59	-1	1446	4000	1	4000	0	0
60	-1	60	-1	1447	4000	1	4000	0	0
61	-1	61	-1	1448	4000	1	4000	0	0
62	-1	62	-1	1449	4000	1	4000	0	0
63	-1	63	-1	1450	4000	1	4000	0	0
64	-1	64	-1	1451	4000	1	4000	0	0
2	-1	2	-1	1389	4001	1	4000	4001	1
3	-1	3	-1	1390	4001	1	4000	4001	1
9	-1	9	-1	1396	4001	1	4000	4001	1
10	-1	10	-1	1397	4001	1	4000	4001	1
17	-1	17	-1	1404	4001	1	4000	4001	1
64	1	64	-1	1452	4137	1	4137	0	0
63	1	63	56	1453	4138	1	4138	0	0
62	1	62	48	1454	4139	1	4139	0	0
61	1	61	40	1455	4140	1	4140	0	0
60	1	60	32	1456	4141	1	4141	0	0
59	1	59	53	1457	4142	1	4142	0	0
58	1	58	57	1458	4143	1	4143	0	0
57	1	57	46	1459	4144	1	4144	0	0
56	1	56	64	1460	4145	1	4145	0	0
55	1	55	62	1461	4146	1	4146	0	0
54	1	54	47	1462	4147	1	4147	0	0
53	1	53	39	1463	4148	1	4148	0	0
52	1	52	31	1464	4149	1	4149	0	0
51	1	51	23	1465	4150	1	4150	0	0
50	1	50	49	1466	4151	1	4151	0	0
49	1	49	15	1467	4152	1	4152	0	0
48	1	48	63	1468	4153	1	4153	0	0
47	1	47	61	1469	4154	1	4154	0	0
46	1	46	16	1470	4155	1	4155	0	0
45	1	45	38	1471	4156	1	4156	0	0
44	1	44	30	1472	4157	1	4157	0	0
43	1	43	22	1473	4158	1	4158	0	0
42	1	42	41	1474	4159	1	4159	0	0
41	1	41	36	1475	4160	1	4160	0	0
40	1	40	55	1476	4161	1	4161	0	0
39	1	39	24	1477	4162	1	4162	0	0
38	1	38	52	1478	4163	1	4163	0	0
37	1	37	44	1479	4164	1	4164	0	0
36	1	36	29	1480	4165	1	4165	0	0
35	1	35	21	1481	4166	1	4166	0	0
34	1	34	33	1482	4167	1	4167	0	0
33	1	33	13	1483	4168	1	4168	0	0
32	1	32	54	1484	4169	1	4169	0	0
31	1	31	58	1485	4170	1	4170	0	0
30	1	30	50	1486	4171	1	4171	0	0
29	1	29	14	1487	4172	1	4172	0	0
28	1	28	35	1488	4173	1	4173	0	0
27	1	27	20	1489	4174	1	4174	0	0
26	1	26	25	1490	4175	1	4175	0	0
25	1	25	12	1491	4176	1	4176	0	0
24	1	24	60	1492	4177	1	4177	0	0
23	1	23	45	1493	4178	1	4178	0	0
22	1	22	37	1494	4179	1	4179	0	0
21	1	21	42	1495	4180	1	4180	0	0
20	1	20	34	1496	4181	1	4181	0	0
19	1	19	26	1497	4182	1	4182	0	0
18	1	18	11	1498	4183	1	4183	0	0
17	1	17	3	1499	4184	1	4184	0	0
16	1	16	8	1500	4185	1	4185	0	0
15	1	15	7	1501	4186	1	4186	0	0
14	1	14	6	1502	4187	1	4187	0	0
13	1	13	5	1503	4188	1	4188	0	0
12	1	12	4	1504	4189	1	4189	0	0
11	1	11	19	1505	4190	1	4190	0	0
10	1	10	17	1506	4191	1	4191	0	0
9	1	9	2	1507	4192	1	4192	0	0
8	1	8	59	1508	4193	1	4193	0	0
7	1	7	51	1509	4194	1	4194	0	0
6	1	6	43	1510	4195	1	4195	0	0
5	1	5	28	1511	4196	1	4196	0	0
4	1	4	27	1512	4197	1	4197	0	0
3	1	3	18	1513	4198	1	4198	0	0
2	1	2	10	1514	4199	1	4199	0	0
64	1	64	-1	1515	4337	1	4337	0	0
63	1	63	56	1516	4338	1	4338	0	0
62	1	62	48	1517	4339	1	4339	0	0
61	1	61	40	1518	4340	1	4340	0	0
60	1	60	32	1519	4341	1	4341	0	0
59	1	59	53	1520	4342	1	4342	0	0
58	1	58	57	1521	4343	1	4343	0	0
57	1	57	46	1522	4344	1	4344	0	0
56	1	56	64	1523	4345	1	4345	0	0
55	1	55	62	1524	4346	1	4346	0	0
54	1	54	47	1525	4347	1	4347	0	0
53	1	53	39	1526	4348	1	4348	0	0
52	1	52	31	1527	4349	1	4349	0	0
51	1	51	23	1528	4350	1	4350	0	0
50	1	50	49	1529	4351	1	4351	0	0
49	1	49	15	1530	4352	1	4352	0	0
48	1	48	63	1531	4353	1	4353	0	0
47	1	47	61	1532	4354	1	4354	0	0
46	1	46	16	1533	4355	1	4355	0	0
45	1	45	38	1534	4356	1	4356	0	0
44	1	44	30	1535	4357	1	4357	0	0
43	1	43	22	1536	4358	1	4358	0	0
42	1	42	41	1537	4359	1	4359	0	0
41	1	41	36	1538	4360	1	4360	0	0
40	1	40	55	1539	4361	1	4361	0	0
39	1	39	24	1540	4362	1	4362	0	0
38	1	38	52	1541	4363	1	4363	0	0
37	1	37	44	1542	4364	1	4364	0	0
36	1	36	29	1543	4365	1	4365	0	0
35	1	35	21	1544	4366	1	4366	0	0
34	1	34	33	1545	4367	1	4367	0	0
33	1	33	13	1546	4368	1	4368	0	0
32	1	32	54	1547	4369	1	4369	0	0
31	1	31	58	1548	4370	1	4370	0	0
30	1	30	50	1549	4371	1	4371	0	0
29	1	29	14	1550	4372	1	4372	0	0
28	1	28	35	1551	4373	1	4373	0	0
27	1	27	20	1552	4374	1	4374	0	0
26	1	26	25	1553	4375	1	4375	0	0
25	1	25	12	1554	4376	1	4376	0	0
24	1	24	60	1555	4377	1	4377	0	0
23	1	23	45	1556	4378	1	4378	0	0
22	1	22	37	1557	4379	1	4379	0	0
21	1	21	42	1558	4380	1	4380	0	0
20	1	20	34	1559	4381	1	4381	0	0
19	1	19	26	1560	4382	1	4382	0	0
18	1	18	11	1561	4383	1	4383	0	0
17	1	17	3	1562	4384	1	4384	0	0
16	1	16	8	1563	4385	1	4385	0	0
15	1	15	7	1564	4386	1	4386	0	0
14	1	14	6	1565	4387	1	4387	0	0
13	1	13	5	1566	4388	1	4388	0	0
12	1	12	4	1567	4389	1	4389	0	0
11	1	11	19	1568	4390	1	4390	0	0
10	1	10	17	1569	4391	1	4391	0	0
9	1	9	2	1570	4392	1	4392	0	0
8	1	8	59	1571	4393	1	4393	0	0
7	1	7	51	1572	4394	1	4394	0	0
6	1	6	43	1573	4395	1	4395	0	0
5	1	5	28	1574	4396	1	4396	0	0
4	1	4	27	1575	4397	1	4397	0	0
3	1	3	18	1576	4398	1	4398	0	0
2	1	2	10	1577	4399	1	4399	0	0
64	1	64	-1	1578	4537	1	4537	0	0
63	1	63	56	1579	4538	1	4538	0	0
62	1	62	48	1580	4539	1	4539	0	0
61	1	61	40	1581	4540	1	4540	0	0
60	1	60	32	1582	4541	1	4541	0	0
59	1	59	53	1583	4542	1	4542	0	0
58	1	58	57	1584	4543	1	4543	0	0
57	1	57	46	1585	4544	1	4544	0	0
56	1	56	64	1586	4545	1	4545	0	0
55	1	55	62	1587	4546	1	4546	0	0
54	1	54	47	1588	4547	1	4547	0	0
53	1	53	39	1589	4548	1	4548	0	0
52	1	52	31	1590	4549	1	4549	0	0
51	1	51	23	1591	4550	1	4550	0	0
50	1	50	49	1592	4551	1	4551	0	0
49	1	49	15	1593	4552	1	4552	0	0
48	1	48	63	1594	4553	1	4553	0	0
47	1	47	61	1595	4554	1	4554	0	0
46	1	46	16	1596	4555	1	4555	0	0
45	1	45	38	1597	4556	1	4556	0	0
44	1	44	30	1598	4557	1	4557	0	0
43	1	43	22	1599	4558	1	4558	0	0
42	1	42	41	1600	4559	1	4559	0	0
41	1	41	36	1601	4560	1	4560	0	0
40	1	40	55	1602	4561	1	4561	0	0
39	1	39	24	1603	4562	1	4562	0	0
38	1	38	52	1604	4563	1	4563	0	0
37	1	37	44	1605	4564	1	4564	0	0
36	1	36	29	1606	4565	1	4565	0	0
35	1	35	21	1607	4566	1	4566	0	0
34	1	34	33	1608	4567	1	4567	0	0
33	1	33	13	1609	4568	1	4568	0	0
32	1	32	54	1610	4569	1	4569	0	0
31	1	31	58	1611	4570	1	4570	0	0
30	1	30	50	1612	4571	1	4571	0	0
29	1	29	14	1613	4572	1	4572	0	0
28	1	28	35	1614	4573	1	4573	0	0
27	1	27	20	1615	4574	1	4574	0	0
26	1	26	25	1616	4575	1	4575	0	0
25	1	25	12	1617	4576	1	4576	0	0
24	1	24	60	1618	4577	1	4577	0	0
23	1	23	45	1619	4578	1	4578	0	0
22	1	22	37	1620	4579	1	4579	0	0
21	1	21	42	1621	4580	1	4580	0	0
20	1	20	34	1622	4581	1	4581	0	0
19	1	19	26	1623	4582	1	4582	0	0
18	1	18	11	1624	4583	1	4583	0	0
17	1	17	3	1625	4584	1	4584	0	0
16	1	16	8	1626	4585	1	4585	0	0
15	1	15	7	1627	4586	1	4586	0	0
14	1	14	6	1628	4587	1	4587	0	0
13	1	13	5	1629	4588	1	4588	0	0
12	1	12	4	1630	4589	1	4589	0	0
11	1	11	19	1631	4590	1	4590	0	0
10	1	10	17	1632	4591	1	4591	0	0
9	1	9	2	1633	4592	1	4592	0	0
8	1	8	59	1634	4593	1	4593	0	0
7	1	7	51	1635	4594	1	4594	0	0
6	1	6	43	1636	4595	1	4595	0	0
5	1	5	28	1637	4596	1	4596	0	0
4	1	4	27	1638	4597	1	4597	0	0
3	1	3	18	1639	4598	1	4598	0	0
2	1	2	10	1640	4599	1	4599	0	0
64	1	64	-1	1641	4737	1	4737	0	0
63	1	63	56	1642	4738	1	4738	0	0
62	1	62	48	1643	4739	1	4739	0	0
61	1	61	40	1644	4740	1	4740	0	0
60	1	60	32	1645	4741	1	4741	0	0
59	1	59	53	1646	4742	1	4742	0	0
58	1	58	57	1647	4743	1	4743	0	0
57	1	57	46	1648	4744	1	4744	0	0
56	1	56	64	1649	4745	1	4745	0	0
55	1	55	62	1650	4746	1	4746	0	0
54	1	54	47	1651	4747	1	4747	0	0
53	1	53	39	1652	4748	1	4748	0	0
52	1	52	31	1653	4749	1	4749	0	0
51	1	51	23	1654	4750	1	4750	0	0
50	1	50	49	1655	4751	1	4751	0	0
49	1	49	15	1656	4752	1	4752	0	0
48	1	48	63	1657	4753	1	4753	0	0
47	1	47	61	1658	4754	1	4754	0	0
46	1	46	16	1659	4755	1	4755	0	0
45	1	45	38	1660	4756	1	4756	0	0
44	1	44	30	1661	4757	1	4757	0	0
43	1	43	22	1662	4758	1	4758	0	0
42	1	42	41	1663	4759	1	4759	0	0
41	1	41	36	1664	4760	1	4760	0	0
40	1	40	55	1665	4761	1	4761	0	0
39	1	39	24	1666	4762	1	4762	0	0
38	1	38	52	1667	4763	1	4763	0	0
37	1	37	44	1668	4764	1	4764	0	0
36	1	36	29	1669	4765	1	4765	0	0
35	1	35	21	1670	4766	1	4766	0	0
34	1	34	33	1671	4767	1	4767	0	0
33	1	33	13	1672	4768	1	4768	0	0
32	1	32	54	1673	4769	1	4769	0	0
31	1	31	58	1674	4770	1	4770	0	0
30	1	30	50	1675	4771	1	4771	0	0
29	1	29	14	1676	4772	1	4772	0	0
28	1	28	35	1677	4773	1	4773	0	0
27	1	27	20	1678	4774	1	4774	0	0
26	1	26	25	1679	4775	1	4775	0	0
25	1	25	12	1680	4776	1	4776	0	0
24	1	24	60	1681	4777	1	4777	0	0
23	1	23	45	1682	4778	1	4778	0	0
22	1	22	37	1683	4779	1	4779	0	0
21	1	21	42	1684	4780	1	4780	0	0
20	1	20	34	1685	4781	1	4781	0	0
19	1	19	26	1686	4782	1	4782	0	0
18	1	18	11	1687	4783	1	4783	0	0
17	1	17	3	1688	4784	1	4784	0	0
16	1	16	8	1689	4785	1	4785	0	0
15	1	15	7	1690	4786	1	4786	0	0
14	1	14	6	1691	4787	1	4787	0	0
13	1	13	5	1692	4788	1	4788	0	0
12	1	12	4	1693	4789	1	4789	0	0
11	1	11	19	1694	4790	1	4790	0	0
10	1	10	17	1695	4791	1	4791	0	0
9	1	9	2	1696	4792	1	4792	0	0
8	1	8	59	1697	4793	1	4793	0	0
7	1	7	51	1698	4794	1	4794	0	0
6	1	6	43	1699	4795	1	4795	0	0
5	1	5	28	1700	4796	1	4796	0	0
4	1	4	27	1701	4797	1	4797	0	0
3	1	3	18	1702	4798	1	4798	0	0
2	1	2	10	1703	4799	1	4799	0	0
64	1	64	-1	1704	4937	1	4937	0	0
63	1	63	56	1705	4938	1	4938	0	0
62	1	62	48	1706	4939	1	4939	0	0
61	1	61	40	1707	4940	1	4940	0	0
60	1	60	32	1708	4941	1	4941	0	0
59	1	59	53	1709	4942	1	4942	0	0
58	1	58	57	1710	4943	1	4943	0	0
57	1	57	46	1711	4944	1	4944	0	0
56	1	56	64	1712	4945	1	4945	0	0
55	1	55	62	1713	4946	1	4946	0	0
54	1	54	47	1714	4947	1	4947	0	0
53	1	53	39	1715	4948	1	4948	0	0
52	1	52	31	1716	4949	1	4949	0	0
51	1	51	23	1717	4950	1	4950	0	0
50	1	50	49	1718	4951	1	4951	0	0
49	1	49	15	1719	4952	1	4952	0	0
48	1	48	63	1720	4953	1	4953	0	0
47	1	47	61	1721	4954	1	4954	0	0
46	1	46	16	1722	4955	1	4955	0	0
45	1	45	38	1723	4956	1	4956	0	0
44	1	44	30	1724	4957	1	4957	0	0
43	1	43	22	1725	4958	1	4958	0	0
42	1	42	41	1726	4959	1	4959	0	0
41	1	41	36	1727	4960	1	4960	0	0
40	1	40	55	1728	4961	1	4961	0	0
39	1	39	24	1729	4962	1	4962	0	0
38	1	38	52	1730	4963	1	4963	0	0
37	1	37	44	1731	4964	1	4964	0	0
36	1	36	29	1732	4965	1	4965	0	0
35	1	35	21	1733	4966	1	4966	0	0
34	1	34	33	1734	4967	1	4967	0	0
33	1	33	13	1735	4968	1	4968	0	0
32	1	32	54	1736	4969	1	4969	0	0
31	1	31	58	1737	4970	1	4970	0	0
30	1	30	50	1738	4971	1	4971	0	0
29	1	29	14	1739	4972	1	4972	0	0
28	1	28	35	1740	4973	1	4973	0	0
27	1	27	20	1741	4974	1	4974	0	0
26	1	26	25	1742	4975	1	4975	0	0
25	1	25	12	1743	4976	1	4976	0	0
24	1	24	60	1744	4977	1	4977	0	0
23	1	23	45	1745	4978	1	4978	0	0
22	1	22	37	1746	4979	1	4979	0	0
21	1	21	42	1747	4980	1	4980	0	0
20	1	20	34	1748	4981	1	4981	0	0
19	1	19	26	1749	4982	1	4982	0	0
18	1	18	11	1750	4983	1	4983	0	0
17	1	17	3	1751	4984	1	4984	0	0
16	1	16	8	1752	4985	1	4985	0	0
15	1	15	7	1753	4986	1	4986	0	0
14	1	14	6	1754	4987	1	4987	0	0
13	1	13	5	1755	4988	1	4988	0	0
12	1	12	4	1756	4989	1	4989	0	0
11	1	11	19	1757	4990	1	4990	0	0
10	1	10	17	1758	4991	1	4991	0	0
9	1	9	2	1759	4992	1	4992	0	0
8	1	8	59	1760	4993	1	4993	0	0
7	1	7	51	1761	4994	1	4994	0	0
6	1	6	43	1762	4995	1	4995	0	0
5	1	5	28	1763	4996	1	4996	0	0
4	1	4	27	1764	4997	1	4997	0	0
3	1	3	18	1765	4998	1	4998	0	0
2	1	2	10	1766	4999	1	4999	0	0
